/*
Problem Statement:
------------------
Siddarth is working with a list of integers, 0-indexed list.
The list is said to be decent list, if the sum of the inteers at odd indices 
equal to the sum of integers at even indices in the list.

Now, siddarth can choose any index position, and delete the element from the list.
and check whether the resultant list is a decent list or not.
Due to the deletion of an element, the index postions may vary. 

For example, if the list is [2,1,3,4,1] :
	- delete the element at index 1 => list is [2,3,4,1]
	- delete the element at index 2 => list is [2,1,4,1]
	- delete the element at index 3 => list is [2,1,3,1]
	- delete the element at index 4 => list is [2,1,3,4]

Siddarth has to find out how many indices you can remove one at a time and,
check that the resultant list becomes a decent list.

Your task is to help siddarth to find the count of all such indices.

Input Format:
-------------
Line-1: An integer N, number of elements in the list.
Line-2: N space separated integers, the list.

Output Format:
--------------
Print an integer, number of indices you can find.


Sample Input-1:
---------------
5
1 2 2 1 2

Sample Output-1:
----------------
1


Sample Input-2:
---------------
5
2 2 2 2 2

Sample Output-2:
----------------
5


Sample Input-3:
---------------
4
3 2 7 5

Sample Output-3:
----------------
1


Test Cases:
----------
case =1
input =11
2 4 4 2 2 4 4 2 2 4 4
output =5

case =2
input =20
4 9 3 4 5 10 5 3 11 3 3 6 3 10 3 7 14 12 13 14
output =2

case =3
input =100
4 5 4 5 4 4 5 4 5 4 4 5 5 4 5 5 5 4 5 4 4 5 5 4 5 4 5 5 5 5 4 5 5 5 4 4 4 5 4 4 4 4 5 5 4 5 4 5 5 5 4 4 4 5 5 4 4 4 5 4 4 4 5 5 4 5 4 5 5 5 5 5 4 5 5 5 4 4 5 5 5 4 5 5 5 4 4 5 4 5 4 5 4 4 5 4 5 4 5 4
output =8

case =4
input =500
3 2 3 3 4 4 2 2 4 3 4 2 3 2 4 4 2 4 2 2 3 4 3 3 4 2 4 4 2 4 3 2 3 3 4 3 2 4 3 3 2 3 2 4 4 4 3 2 3 3 3 3 2 3 2 3 3 4 3 3 3 3 4 4 3 2 4 3 4 2 3 4 2 2 3 3 4 4 2 4 2 3 4 3 2 4 3 4 4 4 3 4 4 4 3 3 4 4 2 3 4 3 4 3 4 3 4 3 4 3 3 2 2 3 4 2 2 3 2 2 4 2 3 4 4 4 4 3 3 2 3 3 4 2 3 2 4 3 4 4 3 3 4 4 4 4 2 2 3 4 4 4 4 2 2 3 3 2 4 2 2 2 2 4 3 2 2 2 2 3 2 3 3 4 2 2 4 2 4 4 2 2 2 2 3 4 4 3 2 4 4 3 2 2 3 4 3 4 3 4 4 3 3 2 3 3 2 2 2 2 3 2 4 3 4 3 2 2 4 3 2 2 4 4 4 2 4 2 2 4 2 4 3 4 2 2 2 3 3 3 2 4 3 3 4 3 3 4 3 2 4 3 2 2 3 3 2 4 3 2 4 4 4 4 2 4 2 3 4 2 2 2 2 3 4 4 3 2 2 2 2 2 2 3 2 3 2 3 4 3 4 3 3 3 4 3 3 2 4 2 3 4 3 4 3 2 2 2 3 3 3 2 2 4 2 3 4 4 4 2 3 3 4 2 2 4 2 4 4 3 4 4 4 4 4 3 3 2 3 3 3 2 3 2 4 2 4 3 4 3 3 3 4 2 3 3 2 2 4 4 2 2 4 4 3 2 4 3 4 3 2 3 3 4 3 4 3 4 2 2 2 4 2 4 2 4 4 4 2 2 2 2 2 2 2 3 2 4 2 2 3 3 3 2 2 2 3 2 4 3 2 3 2 3 3 2 4 4 2 3 2 3 3 3 3 2 2 3 2 4 3 2 4 2 2 2 2 2 4 3 3 3 4 2 3 4 3 4 3 3 3 3 3 2 4 4 3 3 4 4 3 3 3 2 2 4 2 2 3 4 2 2 4 4 2 4 4 4 3 3 3 4 2 3 2 2 3 2 2 4 2 2 2 2 3 3 4 4 4 3
output =7

case =5
input =500
3 5 4 6 2 3 4 3 6 4 6 6 2 3 2 6 3 5 3 2 2 4 2 2 3 5 4 2 6 2 2 4 6 6 2 6 6 3 4 4 6 5 4 2 4 4 4 3 5 5 5 4 3 2 5 4 5 3 2 5 4 5 2 3 5 4 3 3 3 5 2 5 4 5 2 6 2 5 3 4 2 2 2 2 4 6 6 4 5 6 3 3 5 5 6 6 3 2 4 5 2 2 3 4 2 5 5 2 6 5 4 2 5 5 4 3 5 6 2 2 6 2 5 2 3 2 2 5 6 3 3 3 6 2 3 3 6 2 3 3 5 5 2 4 5 5 2 2 2 6 2 2 5 5 5 2 2 4 5 4 3 4 3 3 5 5 6 3 3 4 4 6 4 4 3 5 6 6 6 3 5 4 5 3 5 3 3 6 4 5 6 6 2 4 6 3 6 2 2 6 2 3 2 6 3 4 6 4 5 3 5 5 4 2 5 4 6 3 2 4 5 2 5 4 2 5 4 5 4 4 3 4 4 3 6 2 3 4 6 3 3 3 4 5 6 4 6 4 2 3 2 2 6 2 2 3 5 6 2 6 5 3 5 5 4 2 6 6 4 5 4 6 2 3 5 4 4 2 5 6 4 5 2 4 5 2 6 5 4 2 6 4 2 5 2 4 2 2 3 5 2 3 2 4 3 6 4 5 3 6 3 4 6 5 5 6 5 4 2 2 6 3 6 3 5 6 3 5 4 6 2 3 5 6 4 2 3 2 5 2 6 4 4 3 6 4 3 2 3 5 6 5 4 5 6 3 5 6 4 5 5 4 3 3 5 6 6 6 6 5 3 5 2 6 5 3 5 4 5 5 2 2 2 3 5 5 5 4 3 6 3 2 6 2 5 4 6 5 5 2 2 4 6 6 3 5 2 4 4 5 6 6 5 5 6 4 4 3 6 2 3 2 3 4 4 6 4 6 4 6 2 2 3 5 2 2 5 3 4 3 5 4 3 5 6 3 5 2 3 4 4 6 6 6 3 6 5 6 3 4 3 6 4 5 3 3 4 2 5 5 4 6 4 2 3 3 3 5 3 3 6 2 5 6 3 4 3 5 5 2 5 2 6 5 3 3 3 3 2 4
output =14

case =6
input =500
3 5 5 3 4 5 3 5 4 3 5 4 5 4 5 5 3 3 3 4 4 4 5 5 4 3 4 3 5 4 5 4 5 4 5 3 3 3 5 5 5 4 3 3 4 5 3 3 3 3 3 3 4 4 5 3 5 3 3 3 3 4 3 3 3 4 5 3 4 4 3 4 4 4 3 4 4 3 3 4 4 4 3 3 4 4 4 3 3 4 3 4 4 5 5 5 3 4 3 5 4 3 3 3 5 3 3 5 3 5 4 4 5 4 4 5 3 5 5 4 5 3 3 4 5 5 4 5 3 5 4 5 4 3 4 3 4 4 3 5 3 3 5 4 4 3 4 3 4 4 3 5 4 5 3 3 4 4 3 3 3 3 3 5 5 4 4 5 5 3 5 4 3 4 3 4 5 5 3 5 5 3 3 5 3 4 3 4 5 5 3 4 5 5 3 5 3 4 4 3 4 5 4 4 5 3 4 4 5 5 4 4 5 3 3 3 5 3 5 4 4 4 5 3 4 4 5 3 5 3 5 5 3 3 4 5 4 4 4 5 3 5 3 4 5 4 4 5 4 5 3 3 3 3 3 4 3 5 3 3 5 4 5 3 4 5 4 3 3 5 5 5 3 3 3 5 3 5 3 5 5 4 4 3 3 4 4 5 5 4 4 3 4 5 5 5 3 5 5 3 5 3 5 4 5 5 5 3 4 4 4 5 3 5 3 3 5 5 3 5 4 4 3 4 5 4 5 4 4 4 3 3 4 3 4 5 3 4 4 5 4 5 3 3 3 5 4 5 3 3 4 5 4 4 3 3 3 3 5 3 5 3 3 5 3 5 5 4 5 3 4 5 4 5 4 3 3 3 5 5 4 5 4 5 4 5 4 3 3 4 3 5 4 3 4 5 3 4 4 4 4 4 4 5 3 4 4 3 5 3 4 5 3 4 5 3 3 4 5 3 4 4 5 5 4 3 4 4 5 4 4 5 4 3 4 4 3 5 3 5 5 3 4 3 5 5 5 3 3 4 3 3 5 3 4 5 4 4 4 4 3 3 4 3 5 5 5 3 5 3 3 3 3 4 4 3 5 4 4 5 5 4 4 4 3 3 3 3 3 4 3 3 4 5 4 3 3 3 3 3
output =13

case =7
input =500
4 2 2 3 4 2 2 2 3 3 4 4 3 4 4 3 3 3 3 4 3 4 4 3 2 4 2 4 2 3 4 3 2 3 3 3 2 2 4 3 4 4 2 4 2 2 4 3 2 3 4 3 3 2 2 4 2 3 2 3 3 4 4 2 3 2 4 4 2 3 2 4 2 4 4 2 3 3 3 3 3 4 3 2 4 3 2 2 4 2 3 4 3 4 3 4 4 3 4 4 4 2 4 3 2 2 4 4 4 3 2 2 2 4 2 4 3 4 3 4 3 4 2 3 3 3 2 3 2 3 3 3 4 4 4 4 4 4 3 4 4 2 2 4 2 4 4 2 3 4 2 4 2 2 2 2 3 3 3 2 2 2 4 3 3 4 3 2 3 2 2 3 3 4 3 4 3 3 4 4 4 2 4 2 3 4 2 3 2 3 2 3 2 4 4 2 3 2 2 4 2 4 4 2 2 3 4 2 4 4 3 3 4 2 3 3 3 2 3 4 4 4 3 3 4 4 4 4 2 3 3 4 2 3 4 4 2 3 2 3 3 4 4 4 3 4 2 4 3 3 3 2 2 2 3 2 2 4 2 2 4 4 4 4 3 2 4 4 3 3 4 4 2 4 4 3 3 3 2 2 3 4 3 3 3 2 4 3 4 3 2 4 3 3 2 4 4 3 4 2 2 4 2 3 3 4 3 4 2 4 2 2 3 4 2 4 4 4 2 4 3 3 3 2 3 2 2 4 2 3 3 2 4 2 4 3 4 2 4 2 4 2 4 2 4 3 3 2 3 4 2 4 4 2 4 3 4 2 3 2 2 2 2 3 3 3 3 4 3 3 3 4 4 3 3 3 4 2 3 3 4 4 2 4 4 2 4 2 4 2 2 4 2 2 3 2 2 2 4 3 4 2 3 2 2 2 4 2 2 4 4 3 2 3 2 3 2 4 3 3 3 4 4 4 2 4 4 4 3 2 2 2 2 4 3 2 3 3 2 2 2 4 3 4 4 4 3 2 3 4 4 3 2 3 3 3 3 2 2 2 3 3 2 3 2 4 4 4 4 4 2 3 3 4 2 3 3 3 2 4 4 2 3 3 3 2 3 4 2 4 2 4 2 4 2 4 3 4 2 4
output =19

case =8
input =8050
2 1 2 2 3 5 4 4 3 4 1 3 5 3 2 2 3 1 3 2 3 2 1 4 5 3 3 5 5 2 2 3 5 3 4 1 3 2 1 1 1 1 2 3 2 3 5 2 4 2 4 4 3 4 3 5 1 1 5 4 3 3 3 3 2 3 5 1 3 2 5 2 1 4 1 3 5 4 2 5 1 1 2 4 3 1 4 4 3 2 2 5 5 5 1 1 1 1 1 5 2 1 2 3 2 3 5 4 4 1 3 4 1 2 4 5 4 4 5 5 1 3 2 3 3 1 4 3 4 1 1 4 1 1 4 5 2 4 5 3 4 5 4 5 2 5 5 5 3 1 1 5 1 5 4 3 4 4 2 4 1 4 5 4 4 2 3 1 3 1 1 5 4 5 4 2 3 4 2 2 2 1 3 5 3 4 4 5 2 4 3 5 1 1 1 2 5 3 4 3 1 2 5 5 2 3 2 3 2 3 1 1 2 1 2 5 4 2 4 2 4 1 4 1 1 2 1 5 1 4 1 5 1 3 1 1 2 3 3 5 3 2 5 3 3 1 1 1 2 2 4 2 2 3 2 4 4 4 3 2 1 5 1 5 5 4 4 2 1 5 4 5 4 3 2 1 3 3 1 1 2 3 4 1 3 4 4 2 4 5 1 4 5 2 5 3 5 2 3 3 1 2 3 2 1 2 4 1 2 5 2 1 1 4 2 1 3 3 2 2 2 2 1 2 2 3 1 2 4 2 3 4 3 3 4 2 2 1 4 2 1 4 2 2 4 1 4 1 5 3 1 2 3 1 3 2 4 3 5 5 1 5 2 3 3 2 3 2 3 5 1 3 4 4 3 5 2 3 4 1 1 2 5 4 4 1 5 5 2 3 4 1 3 4 4 4 4 5 1 3 4 3 3 4 1 4 1 4 3 4 1 5 2 1 5 1 1 3 4 1 4 3 1 2 3 2 2 4 5 5 1 3 5 2 1 2 5 4 4 1 5 1 3 3 2 5 4 1 4 5 1 4 3 3 4 5 4 1 5 5 2 3 1 4 3 4 5 5 5 3 2 3 4 2 2 5 1 3 2 1 2 5 4 4 5 4 4 4 2 3 5 3 4 3 3 4 3 4 4 5 5 5 3 4 1 5 4 1 1 5 2 4 1 5 3 4 4 1 2 1 3 3 2 1 5 2 2 4 1 5 3 2 3 2 1 1 5 2 4 2 5 4 5 4 5 1 1 1 4 1 1 5 3 3 1 3 4 2 2 5 5 1 3 1 5 2 4 1 3 5 1 1 1 2 4 3 1 2 2 1 1 2 3 5 4 2 4 5 3 1 5 5 4 2 1 1 2 4 2 2 2 5 5 5 2 1 1 5 5 4 3 2 1 1 1 3 4 1 4 5 4 3 3 4 4 3 4 5 3 3 4 3 4 1 3 5 4 1 5 4 4 4 2 2 3 2 5 2 3 4 1 1 3 1 4 3 5 5 1 1 5 1 1 2 1 3 3 5 5 4 4 1 4 1 1 4 5 4 1 5 1 4 5 4 1 2 4 2 4 5 5 5 1 2 5 3 2 4 4 3 5 2 5 2 2 5 5 1 4 1 3 3 5 1 3 2 1 4 2 2 2 1 5 1 4 2 5 2 1 5 4 3 3 2 2 1 1 1 4 5 3 3 1 2 1 5 3 1 1 3 4 4 3 3 3 1 1 1 4 1 5 3 4 1 2 4 2 4 1 2 5 1 2 3 2 3 4 3 1 1 3 5 1 1 2 1 3 2 4 4 3 1 1 1 1 2 2 2 1 2 5 5 3 1 3 3 3 5 2 2 4 4 1 5 3 4 2 4 1 1 5 4 5 1 2 3 5 2 1 3 1 3 5 5 5 3 2 1 1 3 3 4 1 1 2 4 4 5 4 1 1 4 2 3 1 3 5 2 2 3 2 2 3 2 3 1 1 3 4 5 5 5 1 3 1 2 4 4 5 1 3 1 3 5 2 2 3 2 2 4 5 4 3 4 5 4 2 5 1 2 5 4 2 2 3 1 3 5 3 3 2 5 1 3 2 3 2 5 4 4 5 4 5 5 2 3 2 3 1 2 4 3 2 3 1 2 5 4 4 4 1 2 3 4 3 1 3 4 3 5 2 3 3 2 4 5 2 3 2 3 1 4 2 4 5 1 5 5 1 2 1 5 3 3 1 4 3 1 2 4 5 3 5 4 2 3 1 1 1 5 3 4 4 1 4 3 3 2 4 3 5 1 4 5 3 5 2 2 4 5 5 4 3 5 2 4 5 1 1 3 5 2 4 1 5 5 4 3 2 3 1 3 1 1 1 4 3 3 4 3 2 5 2 4 1 1 5 2 2 5 2 1 5 5 1 5 5 5 1 4 3 2 5 5 2 2 4 3 2 3 4 1 4 3 2 3 4 1 5 5 4 1 3 2 5 1 5 4 1 3 1 5 2 1 4 2 3 2 2 3 2 1 5 4 1 5 3 1 4 3 2 5 3 4 1 5 4 1 1 3 4 2 2 5 4 2 5 5 4 4 5 5 1 3 2 3 4 3 3 5 4 5 2 1 2 1 1 4 1 3 5 1 4 5 3 5 3 3 3 1 5 2 4 1 2 3 1 5 5 1 1 5 4 2 3 3 1 4 4 2 3 3 1 5 5 2 3 2 1 1 1 1 2 1 5 3 1 2 1 1 1 4 5 4 4 1 5 2 5 5 2 2 2 5 3 5 2 3 4 5 4 4 1 2 1 2 3 5 4 3 2 4 4 5 5 4 3 3 2 2 4 1 2 5 3 4 1 5 2 2 1 1 5 2 5 4 5 1 5 4 2 2 2 4 3 4 3 3 1 2 1 3 4 1 1 5 1 5 1 4 1 4 2 3 2 5 5 4 4 4 5 2 2 3 2 4 5 2 4 1 3 1 1 2 3 1 2 4 2 3 2 4 4 5 3 3 3 2 1 3 3 4 3 4 1 3 5 1 3 2 3 4 5 4 3 1 5 1 2 2 3 4 3 3 1 2 1 5 1 5 4 2 5 1 2 1 1 1 2 5 3 4 1 5 3 4 4 4 3 2 4 1 3 1 1 4 1 1 2 1 1 5 3 1 2 4 3 4 5 5 4 4 4 3 1 5 5 3 1 4 2 5 2 1 2 5 4 5 3 1 2 1 4 4 3 4 2 3 1 1 4 3 5 2 4 1 5 5 5 1 3 4 1 5 4 3 1 2 5 2 5 3 4 2 5 1 3 4 5 5 2 4 5 3 1 4 4 5 1 2 3 5 5 1 4 4 5 2 2 4 2 4 2 2 5 5 1 1 2 5 4 3 2 5 3 3 1 5 3 1 4 2 1 2 2 4 4 1 4 4 4 1 5 4 4 1 5 4 5 5 3 1 5 2 2 4 2 2 3 5 2 3 1 1 4 4 1 5 4 2 4 4 5 2 4 3 5 3 3 2 4 1 5 1 4 4 4 5 1 1 1 1 2 3 5 2 4 2 5 5 3 4 4 4 3 1 5 4 3 2 1 4 3 4 2 5 1 2 4 5 5 1 5 2 1 2 3 3 4 1 4 4 2 1 3 5 5 4 2 4 1 3 3 5 4 5 3 2 4 3 5 4 1 4 2 3 2 2 3 4 4 4 4 3 4 5 3 4 4 4 1 2 5 1 1 1 2 2 1 2 5 5 1 1 2 2 4 4 2 4 5 3 4 1 1 2 2 2 5 3 2 4 4 2 2 3 4 1 4 1 5 5 1 2 3 4 1 1 4 3 1 4 3 4 2 4 5 2 3 2 5 3 3 2 2 4 5 3 4 5 1 2 2 3 2 1 3 5 2 1 1 1 5 3 5 1 3 2 5 3 3 2 1 2 5 4 5 3 4 5 4 2 3 1 3 5 2 1 3 1 3 4 3 1 5 3 3 2 1 1 1 5 4 1 2 2 5 4 4 1 4 1 3 1 3 3 2 4 4 4 3 1 1 5 3 3 1 5 4 5 5 3 5 4 3 4 3 2 5 5 4 4 1 1 5 2 4 2 4 2 5 4 3 4 1 2 5 4 2 3 3 5 2 2 2 1 1 3 4 4 1 5 1 3 4 5 1 2 5 3 2 3 4 2 3 4 3 3 5 2 2 2 2 1 3 4 1 5 2 4 5 2 4 5 5 5 4 4 1 2 5 4 1 4 2 1 4 1 1 3 5 2 3 5 3 2 4 2 2 4 5 2 4 2 3 2 1 2 2 2 3 5 5 3 5 1 4 5 2 1 4 4 5 4 4 5 1 2 5 1 2 1 5 1 5 3 3 5 2 2 3 4 5 1 4 4 4 4 4 4 3 5 3 1 1 4 3 5 4 4 5 5 1 2 2 4 1 4 5 2 4 2 1 1 4 5 1 3 2 2 1 3 2 1 3 1 2 2 4 1 4 4 1 3 2 2 1 5 3 4 4 4 4 2 5 5 2 4 3 4 4 1 3 4 1 1 3 5 5 5 4 3 2 3 5 3 1 1 4 2 2 1 4 2 5 1 4 4 5 1 4 1 3 2 1 2 5 1 2 4 3 3 2 2 2 3 2 3 4 5 4 3 4 4 5 3 2 3 2 5 3 5 2 3 5 3 5 5 2 1 3 2 1 2 3 4 2 4 5 3 3 3 5 3 1 1 5 4 5 2 4 4 1 2 2 4 2 4 1 1 3 5 3 3 2 2 4 4 1 3 3 4 2 4 2 4 1 1 3 3 5 2 3 2 3 1 2 5 5 4 4 2 3 5 2 3 2 1 1 2 4 4 4 3 2 2 5 5 4 2 3 1 3 1 3 2 2 4 1 4 5 4 5 3 1 4 3 4 5 5 1 4 3 2 5 3 1 5 2 3 2 2 4 4 5 1 4 1 2 5 4 3 2 1 5 3 1 1 3 5 4 2 3 2 3 1 4 2 5 4 2 3 4 1 3 5 3 4 4 2 5 5 3 1 1 2 3 5 1 2 4 3 3 1 3 4 1 4 3 3 2 3 4 1 4 1 5 4 1 3 5 4 4 1 5 1 5 4 3 2 4 3 5 3 4 3 3 5 3 5 1 3 5 2 2 2 4 2 1 4 5 4 3 5 4 2 2 1 2 5 2 2 1 5 5 2 5 5 4 5 2 2 2 1 2 2 5 1 5 2 2 2 3 3 4 5 4 4 4 5 3 3 4 3 5 1 4 5 4 3 5 1 3 1 5 2 3 5 2 2 3 4 2 4 1 1 3 4 1 4 4 5 3 2 4 2 4 4 4 1 3 2 5 2 1 5 3 4 2 2 1 3 1 5 4 4 3 4 5 3 5 2 2 2 2 5 2 5 2 2 2 4 1 2 5 4 3 5 5 5 5 3 1 2 4 4 5 3 3 3 5 1 5 4 1 1 3 4 3 3 2 5 5 5 3 2 5 2 2 1 3 4 4 3 3 1 1 2 2 4 5 3 5 2 4 1 4 3 2 5 3 3 5 1 5 2 2 3 5 3 2 2 4 4 3 1 1 5 1 2 3 3 3 3 4 4 4 3 2 3 4 5 2 1 1 5 4 2 5 1 1 3 2 1 3 2 1 5 1 3 4 1 4 1 5 3 4 3 5 4 4 2 2 4 5 4 5 4 3 3 3 2 1 3 3 5 3 4 5 5 5 5 1 4 3 3 1 4 2 3 5 2 3 5 1 4 2 4 5 1 2 2 3 5 3 4 2 2 2 4 3 5 1 3 5 4 4 3 2 4 5 1 3 4 2 1 1 4 5 1 3 4 1 1 5 2 2 5 3 4 1 3 4 1 1 2 3 4 1 3 1 5 1 3 5 4 2 5 2 5 2 1 4 1 3 1 2 2 4 1 4 2 1 5 3 4 2 3 3 1 4 3 5 2 1 5 2 2 2 1 5 1 3 3 3 4 5 3 5 3 1 2 3 3 3 3 4 2 1 1 1 4 3 1 4 2 3 5 1 3 4 5 5 2 1 2 5 5 4 1 5 3 3 1 3 5 2 1 3 4 2 2 3 3 2 3 1 2 3 5 2 4 1 1 3 1 4 5 3 2 2 1 1 3 3 5 3 2 2 1 5 5 2 4 2 2 5 2 1 4 3 5 2 2 2 1 2 4 1 1 4 5 3 1 2 5 5 4 1 3 5 4 4 1 5 3 1 2 3 3 3 2 5 3 1 3 2 3 3 3 2 5 5 3 1 5 3 4 1 4 5 2 2 5 5 4 1 4 3 1 2 2 3 4 2 3 4 4 1 4 2 3 3 5 5 2 2 1 1 5 4 4 4 3 3 3 1 1 5 5 5 2 3 1 4 1 1 5 1 1 3 2 4 4 2 1 3 3 5 4 2 3 5 1 5 3 1 5 1 4 3 3 5 5 4 1 4 3 1 3 5 1 1 5 2 5 3 3 1 4 4 1 1 4 4 1 3 1 2 4 3 2 5 2 1 2 4 1 4 2 3 4 1 4 1 2 3 3 2 3 4 3 5 5 3 2 5 4 1 4 3 2 3 3 1 3 1 2 4 5 2 4 3 5 5 4 3 1 4 3 5 3 5 4 1 2 3 5 4 2 5 1 3 4 3 2 2 2 4 3 1 3 2 5 2 4 5 5 3 5 2 1 2 3 5 5 3 2 1 4 1 1 2 1 5 2 3 2 5 2 2 2 2 2 2 2 1 1 4 1 2 4 5 4 3 1 3 4 1 5 2 2 2 5 1 1 1 3 4 4 1 2 2 2 4 2 1 5 4 5 3 4 5 2 4 3 3 5 4 2 3 5 4 2 5 2 4 5 4 5 3 5 5 1 5 1 5 5 5 2 2 1 5 4 5 5 5 2 1 4 4 2 2 3 1 5 3 2 2 2 1 4 2 5 4 1 5 4 1 2 1 1 5 2 3 5 4 1 4 1 5 1 2 4 4 4 3 5 3 1 4 4 2 5 5 5 4 2 5 1 2 2 3 1 1 4 3 1 1 1 3 4 4 1 1 5 5 1 4 1 4 2 1 1 5 4 5 1 1 4 2 1 3 5 4 2 5 4 4 1 3 5 5 3 5 4 5 4 4 4 4 4 4 2 4 3 1 5 1 3 2 1 4 1 2 4 1 1 4 2 3 4 5 1 5 5 3 3 3 4 2 4 3 2 4 3 2 1 5 2 3 2 2 5 2 3 4 4 1 1 2 5 2 5 2 2 4 4 2 4 5 1 5 2 3 3 1 1 1 5 3 4 5 2 4 4 1 5 3 1 4 2 5 5 5 1 1 4 2 1 2 2 2 2 4 3 5 5 4 1 5 4 3 1 5 1 1 4 3 5 4 2 2 4 4 2 1 1 3 4 3 1 4 4 2 2 5 4 5 1 2 4 4 4 4 5 3 3 3 4 2 3 4 3 4 3 2 3 1 1 4 2 3 1 5 2 1 2 1 1 2 3 1 5 2 4 3 5 1 5 3 1 3 5 5 4 1 5 1 3 5 4 5 3 1 3 2 2 1 1 2 5 1 1 4 2 5 5 3 5 2 3 1 5 1 5 1 2 2 1 4 3 3 2 4 4 3 4 4 4 2 4 5 5 2 2 3 3 1 5 2 3 4 1 4 3 2 2 3 2 2 2 2 5 4 5 4 3 4 3 5 1 2 2 2 2 3 1 4 4 2 3 1 1 3 1 1 1 2 5 5 4 3 3 2 1 5 3 4 1 3 1 1 2 4 4 5 2 2 3 3 1 5 4 2 2 2 1 2 5 5 2 5 2 5 4 5 3 1 1 3 5 1 2 3 1 3 4 2 5 3 4 5 1 2 1 1 5 4 5 3 2 1 3 5 1 4 5 3 5 2 1 3 1 1 1 4 5 5 1 4 4 3 2 1 3 4 1 4 2 5 5 3 5 2 3 2 1 1 5 4 5 5 1 1 3 4 2 3 4 3 5 4 3 1 3 2 3 2 2 5 3 5 5 2 3 5 4 2 1 3 5 2 5 3 3 3 1 5 4 4 4 1 1 1 5 1 2 3 5 5 3 1 4 1 5 5 1 5 1 4 4 4 1 1 4 3 3 1 5 2 4 3 1 4 1 4 5 5 5 5 5 4 3 1 1 3 1 5 4 1 5 3 3 1 1 1 3 3 2 2 5 2 2 2 4 3 4 4 1 2 1 3 2 5 5 3 2 1 1 3 3 2 2 2 4 3 4 2 1 3 1 3 2 4 3 2 5 3 1 4 1 4 5 5 5 4 2 1 2 3 2 3 2 4 2 3 2 4 3 5 2 2 4 3 3 4 3 1 3 5 4 4 4 4 5 5 1 1 4 3 5 1 2 1 1 2 3 1 4 5 4 3 5 2 2 1 4 4 3 2 2 4 5 5 1 2 3 5 1 2 4 5 1 2 4 4 1 3 2 2 2 5 5 5 3 5 2 1 3 2 2 5 1 5 3 2 2 1 5 4 1 5 4 5 2 5 4 2 2 3 5 4 5 1 4 2 4 1 1 2 4 3 4 5 2 3 1 1 4 5 1 3 5 5 3 3 4 3 5 4 3 5 3 3 4 1 4 5 4 5 3 4 5 2 5 5 5 4 5 2 3 1 5 3 4 5 5 1 4 1 3 5 2 1 3 1 5 1 1 2 2 5 4 1 3 4 3 1 4 2 4 3 2 1 5 3 5 2 2 2 2 2 1 1 5 1 2 5 1 5 4 4 4 2 2 2 4 5 5 2 4 2 2 3 4 1 5 3 4 5 5 1 2 3 1 5 5 1 5 1 5 5 4 1 2 5 5 5 4 4 1 5 1 1 3 2 4 5 4 4 3 3 5 1 1 2 3 1 4 4 4 3 3 5 4 4 3 5 2 3 4 1 4 2 2 4 1 1 4 3 4 3 2 5 2 1 4 3 3 5 5 1 2 2 3 1 1 1 2 5 2 1 1 1 2 4 4 1 5 1 5 3 4 4 1 2 1 2 1 2 2 4 2 3 3 2 4 1 5 3 4 4 2 3 1 3 3 3 3 5 5 4 1 1 2 4 1 1 2 2 3 5 4 2 4 2 4 2 3 4 1 5 1 3 5 5 5 4 2 2 1 1 3 2 2 3 3 5 1 5 1 5 4 3 2 1 3 1 4 3 1 1 2 5 2 2 3 2 2 3 5 1 4 1 2 5 4 3 2 3 5 3 1 3 5 3 5 3 2 1 1 3 1 3 3 3 4 3 1 5 4 5 3 4 3 5 4 3 5 2 2 5 2 5 3 3 3 2 1 4 1 4 4 2 2 5 4 1 5 3 2 5 1 1 2 2 3 4 5 3 2 4 1 5 3 1 4 4 3 4 4 1 4 1 4 5 2 3 2 1 4 2 5 3 5 5 1 3 3 5 5 3 4 1 4 3 5 2 5 4 4 2 1 4 4 5 3 5 2 2 3 2 2 5 2 1 4 4 2 3 3 2 4 4 1 5 4 1 3 2 3 4 3 3 4 4 4 4 3 3 1 5 3 4 1 3 3 3 3 2 4 4 2 5 1 1 2 1 3 4 3 1 3 3 3 5 4 4 1 1 2 1 2 5 1 5 3 5 3 3 3 4 2 5 1 4 1 4 1 3 2 4 1 3 1 1 1 4 1 4 3 3 4 1 3 3 5 3 2 5 2 5 1 2 1 1 2 1 2 1 5 4 4 3 3 2 3 2 5 2 1 3 3 2 3 3 3 4 4 1 3 4 1 4 2 2 3 4 5 5 3 3 4 5 5 3 5 3 1 2 4 5 1 3 4 2 4 1 3 4 5 5 3 4 4 2 4 4 2 5 2 3 3 4 2 3 1 1 3 5 3 2 3 1 3 3 3 1 2 2 5 4 5 5 2 5 3 3 4 1 5 4 4 1 3 4 2 5 4 4 3 5 3 4 5 4 4 3 2 1 4 4 1 4 1 3 2 4 5 5 5 2 2 3 2 3 2 3 4 5 5 1 5 4 1 2 2 2 1 3 4 4 2 4 2 2 5 3 5 1 1 3 5 1 3 4 5 2 1 2 3 5 2 4 1 5 5 4 3 2 3 5 4 5 2 1 4 4 2 1 1 1 3 2 2 4 1 1 5 1 3 4 1 3 5 3 3 3 3 3 3 4 3 4 2 4 5 2 5 2 3 2 2 4 1 4 2 4 1 1 3 5 2 3 3 4 2 2 4 5 2 5 4 1 5 2 4 5 2 4 4 5 5 2 1 2 5 2 2 4 3 2 4 4 2 4 1 5 1 1 1 5 5 2 2 2 3 2 2 1 1 1 1 5 4 2 3 1 3 4 2 2 5 3 3 2 1 4 4 5 1 3 5 5 2 5 4 3 4 2 3 4 1 1 3 2 1 5 5 2 3 4 2 1 1 4 3 4 1 3 3 4 3 5 2 1 4 3 1 4 1 1 2 5 1 5 3 5 4 1 3 4 4 5 1 4 2 3 1 5 3 1 2 4 2 1 1 3 2 1 5 1 2 5 4 2 1 1 2 1 2 3 4 3 1 1 5 1 1 5 4 1 5 4 5 4 1 5 1 5 1 2 1 2 4 3 4 5 3 5 1 5 1 3 4 3 5 5 4 1 5 5 4 5 4 4 1 4 3 5 5 5 1 1 5 4 2 4 3 4 4 4 5 5 1 3 2 5 1 4 1 2 3 3 3 5 5 4 2 2 1 2 3 5 3 4 5 2 4 4 4 3 5 5 4 1 1 5 4 2 5 2 5 3 1 2 5 4 1 3 2 3 5 3 1 5 5 2 5 5 1 2 1 4 1 2 2 5 5 4 3 5 3 4 3 2 3 3 2 3 2 1 5 2 1 5 4 5 2 5 3 5 1 1 5 1 5 1 5 2 4 5 4 4 1 2 5 3 1 4 3 2 4 5 5 3 4 2 1 3 3 1 4 1 4 4 4 5 3 2 3 1 2 2 4 2 1 4 5 3 1 3 3 4 2 5 5 5 4 2 4 5 4 5 3 2 2 3 5 5 5 3 4 4 5 2 4 1 2 4 2 2 2 5 5 5 3 5 2 5 1 1 1 1 4 4 1 2 5 2 1 2 5 1 2 2 1 3 4 5 5 1 5 3 5 2 4 2 5 5 5 2 3 2 1 4 3 2 5 2 2 5 4 2 4 4 4 1 5 2 2 3 3 1 1 2 1 2 1 4 1 5 4 1 4 4 5 2 2 5 2 5 3 2 2 1 1 5 3 3 3 2 3 1 2 3 2 1 5 5 5 2 4 2 3 2 2 3 2 1 1 3 4 3 1 3 5 1 4 1 2 5 5 2 1 2 2 3 5 3 1 1 1 1 5 1 2 3 4 5 1 1 1 2 3 2 3 2 3 1 1 4 1 1 5 4 5 4 4 3 1 3 2 1 1 2 3 2 2 5 5 2 1 4 1 3 4 5 3 4 2 2 2 4 1 4 4 3 4 5 2 1 4 5 1 1 5 1 4 1 4 5 2 5 2 2 3 2 3 4 4 3 2 3 4 2 4 1 2 3 2 1 3 3 3 4 2 1 3 3 2 5 3 3 1 5 5 3 1 1 2 1 1 2 1 5 2 4 5 4 4 5 3 2 4 3 2 3 5 1 1 3 3 2 3 3 5 4 4 2 5 1 3 5 3 1 1 4 3 3 5 4 3 5 4 1 4 2 2 5 3 1 3 4 2 3 2 2 5 2 1 3 4 3 1 5 1 2 2 2 2 4 5 2 4 1 4 3 3 3 5 3 5 5 4 3 4 5 5 2 2 4 1 5 4 1 5 3 2 4 4 2 3 1 3 2 5 1 3 3 2 2 5 2 3 5 3 3 4 3 5 1 5 4 1 3 5 4 3 5 5 5 3 1 2 3 2 2 4 4 5 1 3 2 4 1 4 3 1 4 4 5 2 5 5 1 4 2 5 5 4 3 3 3 1 2 4 5 4 1 5 5 1 4 5 4 3 2 3 4 1 2 5 3 4 2 4 1 3 1 2 3 1 3 4 5 1 2 2 5 2 4 2 4 1 3 1 1 4 2 3 1 4 4 5 4 2 4 4 2 3 4 2 3 3 5 5 3 1 5 5 1 5 3 4 1 5 2 3 4 1 3 2 1 5 3 2 5 5 2 5 3 4 3 2 2 3 3 5 1 5 3 4 4 1 1 5 2 4 3 3 1 2 5 2 4 2 5 3 5 2 4 4 1 2 5 2 2 4 5 5 5 2 1 3 4 5 4 5 3 2 2 1 5 5 4 3 3 3 4 5 4 3 2 2 3 4 3 4 2 2 3 2 3 2 3 3 1 2 5 2 4 1 1 4 1 2 5 5 4 5 5 3 1 2 5 4 2 5 5 4 1 4 3 2 1 2 2 4 4 3 5 2 3 1 1 1 4 1 1 4 5 2 5 4 4 2 1 1 1 4 4 2 3 3 3 5 3 3 3 2 2 3 5 1 2 3 5 2 2 2 2 3 5 3 4 2 5 3 4 2 1 1 4 2 2 4 3 3 2 5 5 4 3 1 1 1 3 5 4 3 4 4 4 4 5 1 3 5 2 5 1 5 2 2 5 4 1 4 3 2 4 2 5 1 1 1 5 1 4 1 5 1 5 1 1 4 3 2 5 5 1 3 4 1 5 2 3 4 5 3 5 5 3 3 5 1 3 2 5 1 1 1 3 1 2 1 1 2 3 2 5 3 2 5 3 3 1 3 4 5 4 4 2 3 2 1 1 3 3 2 3 2 3 4 3 3 5 5 3 1 3 5 2 4 4 2 1 3 4 4 3 2 5 1 1 2 4 5 1 2 5 4 2 1 2 5 2 3 4 3 2 2 5 5 5 1 3 2 1 3 2 2 3 4 3 2 3 4 4 2 3 1 1 4 2 5 1 5 2 2 3 2 2 1 2 2 4 3 3 1 1 3 1 5 4 2 5 5 5 5 3 1 4 3 1 5 4 5 4 3 2 1 3 5 2 4 5 1 1 5 4 3 5 1 4 1 5 4 3 3 2 2 3 3 5 3 2 5 5 2 1 1 2 4 1 3 1 3 4 5 3 5 4 2 5 2 4 1 5 5 2 2 4 3 1 5 4 4 4 5 3 4 4 2 5 1 4 5 2 3 3 4 4 4 4 4 3 2 3 3 1 3 1 2 4 5 3 3 5 2 1 5 1 5 2 4 4 3 4 3 5 1 2 3 3 1 1 1 2 5 2 1 2 3 3 1 5 2 5 3 5 4 3 3 3 3 2 3 3 3 4 3 4 1 4 3 3 5 4 1 4 3 1 2 1 4 1 1 1 3 5 1 3 5 1 1 3 4 2 4 3 2 2 5 5 4 3 5 2 3 2 4 1 2 1 4 2 3 4 4 4 4 3 2 2 5 1 5 5 2 1 2 4 2 3 3 5 2 2 4 1 1 1 1 3 1 2 3 1 4 5 5 2 3 2 4 3 2 5 1 3 2 3 5 4 2 5 5 1 1 1 1 5 3 3 1 4 2 3 5 5 5 5 5 5 3 4 3 3 2 1 1 5 2 3 3 2 1 3 4 2 2 1 1 4 1 5 2 3 4 5 1 2 3 1 1 5 4 5 5 3 4 1 4 3 1 3 5 5 1 4 5 1 2 2 3 5 5 3 2 4 3 1 1 3 4 1 4 5 5 2 3 5 1 3 5 3 3 2 3 3 2 4 2 3 3 2 2 2 5 3 1 2 2 5 3 4 1 1 1 4 5 2 4 2 4 1 1 5 4 4 3 3 1 2 5 3 5 3 4 1 5 2 2 1 4 2 5 1 2 4 5 5 3 2 4 1 1 2 2 5 3 4 2 1 5 2 3 1 5 5 5 5 5 1 3 3 2 1 2 4 3 2 2 2 4 5 5 5 2 1 2 4 1 5 1 5 5 4 5 2 1 3 2 3 2 4 3 1 5 4 1 2 1 5 3 4 2 2 2 3 3 1 2 3 5 3 4 2 5 2 3 1 1 2 5 2 2 5 1 1 5 2 2 5 5 4 5 4 2 3 4 1 1 1 3 3 5 1 3 4 1 3 1 1 4 2 1 1 3 5 2 2 1 1 5 4 2 1 5 5 1 3 2 3 2 3 4 5 4 2 3 4 4 5 5 1 3 1 2 3 5 2 1 1 1 5 3 1 1 3 2 2 2 3 4 5 5 4 5 4 1 5 5 5 1 5 2 2 5 2 4 5 1 2 1 4 1 4 3 5 5 3 3 5 1 1 2 5 1 1 3 1 2 3 5 4 1 5 2 4 3 5 2 3 4 4 4 3 4 2 2 1 4 5 4 2 5 3 4 1 3 1 3 4 5 2 5 4 5 5 1 2 5 2 1 5 3 5 1 3 5 5 1 5 1 3 5 3 2 3 3 4 1 5 3 2 3 1 3 5 4 1 2 2 1 3 3 3 1 2 3 1 2 5 1 4 4 3 2 4 5 1 4 5 4 2 3 1 2 1 4 2 2 4 3 1 4 4 3 1 2 5 5 3 4 1 3 2 4 4 1 4 3 5 1 3 1 3 5 1 2 1 4 2 3 3 5 5 2 3 5 2 4 5 5 2 4 2 5 2 2 4 5 4 3 3 2 2 3 3 4 4 3 5 4 4 4 5 4 4 2 5 2 4 2 3 3 2 2 2 1 1 2 1 1 5 3 5 1 4 2 5 2 2 1 2 3 2 2 1 2 1 1 4 2 4 3 4 2 1 4 1 2 4 1 3 4 4 2 5 3 5 4 5 5 3 2 4 4 2 2 5 5 4 4 4 1 5 2 3 1 5 1 1 2 1 3 3 4 3 1 4 3 3 2 5 2 5 5 2 3 3 5 3 4 5 2 3 4 1 1 2 2 1 2 4 5 4 2 5 5 4 4 4 2 4 4 1 2 4 1 5 1 3 3 2 1 2 2 1 2 5 5 3 1 4 2 5 3 5 5 1 5 2 1 1 2 2 3 1 1 4 4 2 4 1 2 2 1 4 1 5 2 1 5 5 1 3 1 5 2 3 5 2 2 1 2 3 3 2 4 4 5 3 4 3 3 2 2 4 4 1 3 2 5 3 2 1 3 2 3 1 1 4 5 3 2 4 4 4 2 1 4 5 1 3 5 2 3 5 4 1 4 3 5 5 3 3 2 2 3 1 4 1 1 4 1 3 2 2 4 5 3 4 3 2 1 2 4 2 3 1 1 4 4 4 2 5 4 2 1 4 5 2 1 1 5 2 4 1 1 5 5 5 4 4 3 4 5 1 4 3 2 3 1 2 3 3 4 4 4 4 2 3 3 2 3 4 5 5 5 3 4 5 4 2 3 4 3 3 1 4 4 3 2 4 2 3 1 3 5 5 2 3 2 3 4 5 5 1 3 5 2 2 2 1 5 4 5 3 5 2 4 3 1 2 3 4 4 2 3 5 4 4 1 2 1 5 1 2 3 1 3 1 3 2 1 4 4 2 3 4 1 4 1 3 3 3 2 4 3 4 4 2 5 5 2 3 1 3 5 2 5 1 3 4 5 1 5 2 4 3 1 3 2 1 3 5 1 1 4 2 2 2 5 5 5 3 2 4 4 5 4 5 3 3 5 4 4 5 1 5 4 4 5 5 1 3 1 4 2 3 3 5 3 5 4 3 4 4 5 4 4 3 4 3 4 3 2 4 5 3 2 3 5 2 1 3 5 1 1 4 4 5 3 4 1 4 1 2 1 3 4 2 5 5 4 4 4 2 1 3 1 5 2 3 5 4 4 1 2 3 5 5 3 3 1 5 5 5 2 1 3 4 3 5 1 2 5 2 3 1 5 1 3 3 4 2 1 5 4 1 1 2 2 4 5 2 4 2 3 4 2 2 5 2 5 5 3 1 2 5 2 3 3 2 5 3 5 3 1 1 3 2 4 4 2 2 2 5 2 4 5 1 4 4 3 1 4 4 1 1 5 4 3 3 2 2 3 4 4 3 1 2 2 2 1 4 1 2 1 3 4 1 2 1 1 4 2 3 5 5 5 4 5 5 5 2 4 4 2 1 4 4 1 3 2 4 5 5 5 2 3 5 3 4 3 3 5 4 4 1 5 3 3 2 1 4 5 1 3 1 2 1 1 3 4 4 2 2 4 4 4 3 4 3 1 2 5 2 2 4 4 1 3 4 4 3 1 5 5 1 4 4 5 5 4 4 5 3 2 4 5 3 5 2 4 1 4 1 2 2 3 5 5 5 2 2 3 1 4 4 2 1 5 4 1 2 2 4 1 4 5 1 1 1 1 2 3 5 5 2 4 2 4 2 1 3 4 1 4 5 5 5 1 5 2 1 2 4 2 2 5 3 1 2 1 2 5 3 2 2 5 4 1 2 2 1 2 1 1 4 5 1 3 3 1 1 1 1 1 5 2 5 5 3 3 1 5 2 3 2 2 5 4 3 5 1 2 3 1 4 2 1 2 5 4 5 1 4 2 4 5 3 1 5 4 4 5 5 1 5 3 5 3 1 5 3 5 4 3 4 4 4 4 1 1 5 4 1 4 5 4 3 2 2 5 4 5 3 1 4 3 2 2 1 1 2 4 5 1 2 2 1 3 2 1 4 4 1 5 5 1 4 2 2 4 4 5 4 3 5 2 1 2 4 1 1 5 5 2 4 1 3 1 5 5 2 1 2 4 2 5 2 1 5 3 3 5 1 4 4 1 4 3 2 2 2 5 2 5 2 3 4 5 1 1 5 2 3 1 1 5 3 5 4 2 3 1 5 3 5 3 3 1 2 3 1 4 2 1 4 5 1 3 2 5 1 3 2 2 2 3 5 2 1 1 5 5 3 2 5 3 4 4 5 4 1 2 4 2 1 3 2 2 3 5 4 5 4 1 4 5 2 4 2 2 1 2 3 5 3 3 3 1 3 4 2 1 3 2 1 4 5 1 4 3 1 4 5 1 1 5 5 4 1 3 4 2 4 2 4 4 2 1 3 3 5 5 3 3 3 1 1 4 1 4 1 2 5 5 2 4 5 4 4 3 3 2 2 2 2 2 3 3 1 3 5 5 5 2 1 1 4 1 4 4 5 1 1 2 5 5 4 2 3 5 3 5 1 1 1 5 1 1 1 1 2 5 1 2 1 1 5 4 3 2 5 3 5 5 1 5 4 3 1 1 3 2 1 5 1 2 4 1 4 1 1 5 2 1 5 3 3 2 5 3 1 3 2 4 4 1 2 3 5 4 1 3 5 3 4 3 2 4 2 5 1 3 3 4 5 2 4 5 1 1 1 3 5 5 5 3 5 2 4 2 2 3 2 3 3 4 1 2 3 1 1 4 5 2 2 3 3 4 1 4 4 4 2 1 2 3 2 1 5 1 1 3 3 3 4 5 3 2 5 2 3 3 2 4 3 4 1 5 4 4 1 5 4 1 1 3 1 4 1 2 2 3 2 4 4 5 2 5 2 5 4 1 5 3 1 3 4 5 4 5 1 4 2 1 2 5 1 1 2 5 4 3 5 5 5 2 2 2 2 2 4 3 5 2 1 5 1 4 2 2 4 3 5 2 4 2 1 5 5 1 1 3 1 5 4 4 2 1 5 1 1 1 1 5 4 5 3 3 4 2 2 4 1 1 2 2 1 4 4 5 1 3 1 5 5 5 1 4 5 2 5 5 2 3 1 5 3 5 4 4 4 4 4 1 1 3 3 2 2 4 3 2 4 4 3 2 5 5 4 1 1 2 2 5 5 3 2 5 5 3 1 1 4 1 3 4 1 5 1 1 1 4 2 3 3 5 3 3 3 3 5 3 1 2 1 4 3 1 3 4 5 2 1 2 4 4 1 5 4 5 1 5 1 5 5 3 1 2 2 5 3 4 5 3 5 5 2 2 2 2 1 5 1 5 4 5 3 5 3 5 3 1 2 1 5 4 4 5 2 1 1 5 4 5 4 3 3 4 2 2 4 1 4 5 5 2 4 2 4 3 4 5 2 5 1 1 1 1 2 3 3 5 1 1 5 3 4 3 3 5 5 4 1 1 2 2 4 1 3 4 3 3 1 4 3 1 4 2 2 2 5 3 1 2 3 3 2 2 5 5 2 5 2 1 2 1 3 1 2 1 3 4 5 4 3 3 4 2 3 2
output =22

*/

Solution:
---------
import java.util.*;

class FairArray {
    public int waysToMakeFair(int[] A) {
        int res = 0, n = A.length, left[] = new int[2], right[] = new int[2];
        for (int i = 0; i < n; i++)
            right[i%2] += A[i]; 
        for (int i = 0; i < n; i++) {
            right[i%2] -= A[i];
            if (left[0]+right[1] == left[1]+right[0]) res++;
            left[i%2] += A[i];
        }
        return res;
    }
	
	public static void main(String args[])
	{
		Scanner sc= new Scanner(System.in);
		int n=sc.nextInt();
		int nums[]=new int[n]; 
		for(int i=0;i<n;i++)
			nums[i]=sc.nextInt();
		System.out.println(new FairArray().waysToMakeFair(nums));
	}
}