/*
Mr Madhav is playing a game, He played the game for N terms, the scores are 
given as list of integers as scores[], contains both +ve and -ve integers.

The game rules are as follows (i.e., game has negative points also ) :
 - Each term, the player has to start with 0 points.
 - The player has to play N terms and record the points earned or lost.
 - After N terms played, he wants to maxmize the gain or minimize the loss.
 - The amount is calculated as follows, for every 'i' in 0<=i<N :
    * step-1: Add all the points from index-'0' to index-'i+1' points
    * step-2: Add all the points from index-'i' to index-'N-1' points
    * Keep the maximum amount from the above two steps.

Your task is to return the maximum amount Mr Madhav gained or The minimum amount 
Mr Madhav lost.

Input Format:
-------------
Line-1: Comma separated integers, list[] of numbers.

Output Format:
--------------
Print an integer result.


Sample Input-1:
---------------
5,-9,-6,7,7,4

Sample Output-1:
----------------
18

Explanation: 
------------
When i=0: 5, 8 
When i=1: -4, 3
When i=2: -10, 12
When i=3: -3,18 
When i=4: 4, 11
When i=5: 8, 4  =>  So, Max is 18.


Sample Input-2:
---------------
-5,-4,-6,-7

Sample Output-2:
----------------
-4



==== testcases ====
case =1
input =-574,-278,-487,663,173,848,242,-1000,448,-120,-87,-736,-464,-552,-572,-884,-61,-302,14,620,264,-467,-76,714,-721,-597,895,-563,-922,-75,-83,-565,-67,-244,-695,-114,885,-536,100,-583,-77,-172,313,-87,660,11,4,-394,-51,-356
output =587

case =2
input =-631,-356,-503,-386,-128,50,-314,282,-843,661,560,600,-143,-140,929,609,-374,874,247,-800,-673,-763,-315,845,-710,-827,523,-333,694,-457,-382,606,931,-10,-611,77,781,-266,476,672,73,-579,780,-217,-94,62,256,235,-655,-322,773,-41,-129,178,-779,955,44,570,908,-577,747,-317,-946,100,-219,-908,-470,-801,-70,-29,-676,860,-704,-254,675,-141,-421,-509,920,-421,-958,15,55,539,858,-231,152,328,-697,606,767,-471,322,809,-179,644,-340,824,278,620
output =5079

case =3
input =146,-695,-147,40,497,-197,348,937,-819,-855,593,981,-565,-669,689,235,-800,-625,-641,-71,648,-98,-133,-498,879,839,-264,180,790,104,-702,-889,771,-105,479,659,-181,972,-511,-729,-78,296,617,101,-854,586,146,-77,-129,-367,721,-354,-744,126,987,916,-716,5,-136,787,-22,280,-658,-651,288,-359,906,482,23,254,190,79,-962,-405,617,16,-846,-321,-264,795,-521,-810,991,-648,192,-127,-306,508,-218,924,216,-693,785,-766,-681,-464,-154,-812,-957,-495,-386,-471,-620,791,-325,460,388,453,203,-883,-422,-270,-209,-757,777,276,815,-630,431,-216,542,-342,381,-426,879,20,483,-664,95,265,206,-868,-17,683,830,-532,179,-691,-639,172,-680,-882,187,713,-569,258,506,548,686,-398,-332,-561,449,431,-119,-51,340,918,-531,-780,894,270,-576,-458,97,97,-597,428,-400,-400,-167,959,898,-901,-218,-824,521,-637,-327,-287,-393,305,548,341,735,447,-867,492,-970,-513,591,-94,-371,-638,897,716,-738,269,-43,-878
output =3238

case =4
input =881,513,-424,696,-352,139,-40,-955,-669,720,526,714,974,-871,781,-402,-20,-887,-162,-248,-313,-974,408,-720,914,991,-981,540,151,235,191,-995,-547,438,265,-990,991,-959,-691,-585,-875,976,-689,936,-794,-103,-38,-837,143,-906,919,642,-726,477,299,31,77,-528,-532,496,-505,719,785,-402,-955,887,272,-382,-485,-403,419,-945,895,652,680,896,-341,-375,369,215,-670,-578,869,-132,526,660,-620,372,-41,205,-56,-389,-978,-376,-140,-582,-83,724,-691,-44,572,276,408,398,976,459,-215,981,592,-54,-285,-130,-278,-143,712,194,-529,-873,752,-138,-37,-774,-730,-422,926,-557,-660,-405,-214,739,-59,-399,-481,708,729,73,857,-1000,261,720,534,-31,119,-45,241,-629,-940,517,912,-569,-431,646,607,122,-455,633,-330,-570,-134,929,161,-286,-779,-356,-381,794,508,-263,199,-890,-197,195,917,-418,-621,-434,12,-11,-653,995,-456,-911,748,-833,-730,-856,903,879,779,-712,-463,544,-65,-141,95,477,-86,719,395,-837,926,646,442,892,245,456,-199,-767,-347,907,85,-973,-931,970,-577,824,-75,-320,-731,-582,429,-935,-647,-847,-385,807,905,-790,-98,53,-50,-338,934,794,-114,67,143,453,320,660,201,908,-537,751,-547,217,124,641,711,-974
output =6891

case =5
input =479,843,922,878,-188,246,-604,731,-618,377,522,687,311,955,-665,-83,665,-723,602,388,-625,-511,-733,-44,-202,821,-869,-150,869,-993,-524,616,943,261,-599,249,629,-683,-909,372,880,-951,-523,74,-576,793,-281,5,-213,170,-944,-68,-69,43,467,-636,-721,-684,-590,-139,-178,827,-24,737,-323,793,988,-208,344,488,145,-360,-988,-945,789,800,-177,401,69,-951,-632,-516,-484,-700,-809,-62,833,709,931,-802,-406,701,155,51,476,-354,-896,838,-223,886,-746,-386,741,726,-845,572,77,-753,285,-734,-382,-561,-351,-470,342,-579,239,857,-418,596,416,-955,924,-820,-217,949,-894,-552,-31,-148,108,282,-189,874,226,277,942,918,-771,-409,-758,40,181,954,-668,-336,805,422,-516,831,-929,-912,702,690,-888,-907,570,861,840,475,85,206,372,658,457,-286,-177,-795,284,-936,-140,635,-8,-3,-799,-586,982,683,724,-556,-820,697,-447,-873,433,-567,-73,554,-359,-229,-198,-10,562,281,-463,-745,-320,-851,193,-196,237,300,-323,-70,-714,-558,-193,-304,-346,-440,575,-769,530,-809,576,-610,772,709,-736,-947,121,54,194,-43,877,431,649,-883,511,-639,-627,-611,-860,-385,-831,-995,371,-668,313,-472,-410,-59,595,811,717,884,926,413,786,-221,846,109,239,113,830,-737,-428,571,614,392,454,914,708,-559,386,-713,-759,-328,-502,261,816,359,453,446,-789,927,-619,508,-797,458,147,844,65,-600,-949,250,-258,-978,928,-75,-121,-782,657,596,307,-124,804,291,195,644,-697,766,-99,341,524,824,-308,62,-438,-222,603,-560,875,-739,562,384,-53,-83,-523,759,-711,-31,-67,599,988,-454,861,200,679,-712,-79,579,-791,940,-229,387,-586,-344,972,123,-69,-269,6,270,732,711,602,596,656,-237,-266,471,297,-846,-157,209,-390,-994,-296,736,542,-791,-778,-887,605,781,-337,808,72,999,840,659,-975,-719,-347,438,-259,251,-535,-40,685,749,-450,-876,539,-685,547,-642,-203,851,820,-949,61,-813,498,905,-703,919,-301,160,-450,-171,630,-766,52,-539,-396,-410,-880,-604,350,553,-454,-374,71,-694,439,277,-134,282,843,232,-385,100,613,-532,-347,882,-834,636,-801,-650,-942,653,704,743,119,-56,247,-656,91,-428,636,-923,785,-517,455,76,-969,575,-9,-940,66,-667,446,884,-316,257,-442,-742,-81,-241,-456,-178,481,-624,522,-979,-133,75,741,996,34,-253,-873,713,349,-244,-897,212,73,514,750,23,827,484,-92,-538,960,-122,119,-461,-8,603,269,343,682,791,902,299
output =19679

case =6
input =156,-985,-772,736,-99,603,-662,-406,-708,677,75,-506,505,-555,-180,-596,268,105,245,971,573,657,162,-54,-710,383,-974,535,-218,-989,135,-460,969,749,817,-228,-641,610,-18,774,930,750,-870,-761,262,528,-724,-832,898,155,720,34,-34,551,-347,592,129,-445,-61,847,-124,467,703,582,-589,-630,672,-671,-693,-726,-776,187,-131,490,-967,-178,-954,-983,-71,-636,116,624,-850,729,-821,219,-916,-358,758,-672,556,-790,-418,825,-611,590,523,279,101,879,123,-527,845,-299,-156,-274,-173,776,-519,-130,631,42,379,-479,19,-473,303,81,142,716,-537,-380,-412,-861,-127,534,112,-355,897,485,885,-214,-988,705,335,-493,698,-735,-188,-822,-998,-118,-205,404,701,194,-441,976,146,-840,530,-73,-251,-432,464,-540,585,-199,231,-690,-917,-435,-109,880,73,548,805,-930,233,-742,742,-557,-899,283,-149,-107,599,-777,352,-452,309,-956,941,964,814,-110,771,-448,413,-713,-5,492,953,-970,641,-359,-967,-795,899,123,598,-521,-371,715,-437,-951,400,473,-870,913,-941,449,700,-580,-144,68,657,868,614,-977,-548,-327,-777,790,-280,911,-885,166,-771,-560,-617,-153,881,103,-417,991,-298,6,723,-201,183,887,2,-222,868,190,890,521,-214,890,-162,382,-678,37,562,759,422,-670,-669,-365,-193,-246,-349,104,-537,855,-613,-753,-624,521,-726,-435,442,-251,858,117,-942,892,882,593,-470,-24,-58,-574,-430,71,-686,653,315,517,-300,-316,889,350,78,343,83,240,-10,-40,-498,588,35,263,919,579,566,-680,-427,800,-671,540,-253,951,247,-885,774,-152,-183,789,452,-299,150,472,368,-718,-459,-923,-842,-997,-847,516,603,583,-961,-857,-206,-546,-412,711,404,378,580,-733,-786,-439,941,900,204,-231,149,-859,918,152,337,-249,148,90,710,12,621,-169,-173,681,-783,641,555,916,842,-454,977,239,737,-352,-591,-902,-34,593,-49,628,-572,220,957,-248,-213,-878,-669,26,-346,-195,-35,-520,951,883,698,-931,103,643,417,309,-933,153,-410,-446,-663,488,-504,-45,-907,-672,-978,194,-773,611,980,51,-128,-116,954,146,-882,-133,-930,519,269,774,635,152,343,-731,921,-449,319,-584,748,133,-694,-222,-621,896,-12,763,555,112,221,-584,688,-483,-249,892,-906,-792,240,-241,-621,211,-671,-186,-411,476,-261,-656,-187,779,239,-642,87,-876,-81,-386,-948,-588,-578,-693,381,-954,-746,-845,-850,343,-617,-483,-2,-669,904,-181,877,-721,-408,665,-463,203,625,-535,989,-346,-649,987,137,844,-71,-28,626,-916,-115,395,-868,415,577,945,125,-334,-154,223,-857,-769,596,-693,-241,801,21,-279,-951,548,-43,441,130,-860,-637,13,608,-332,98,-410,-956,524,954,932,446,-492,256,-490,313,336,835,350,-133,192,-24,-267,-352,650,-722,135,-91,927,-125,251,-173,-616,719,669,810,687,-325,-22,-485,630,-324,-200,-881,13,-479,-851,-180,-560,-236,285,456,566,926,891,-780,783,-713,-733,-177,-81,-813,120,827,515,311,-235,-409,-265,222,-167,-300,364,-610,-45,21,-148,-247,538,-373,-55,820,320,728,739,-600,-970,-768,690,-898,-427,399,-668,-81,199,-400,-963,-694,-9,-181,-81,-233,840,-427,747,-104,-828,531,105,-784,-319,942,-189,146,-983,-572,-805,-641,139,-864,-460,-609,688,-312,-604,-652,-818,-389,303,-184,369,279,831,-51,-319,151,-306,686,976,667,-246,956,400,-652,789,-424,281,-704,820,857,367,267,519,362,-406,-534,-689,221,310,-15,720,805,219,-530,-408,-866,-158,-530,90,-749,241,750,358,-99,-242,-908,75,135,245,468,-103,36,662,-786,730,960,228,-933,-746,983,441,320,280,-757,-927,902,375,558,248,-843,350,-910,-194,669,47,507,-102,602,1000,229,-988,940,-100,-143,966,-544,-584,-819,-423,-542,-95,-743,-899,226,731,-624,1000,-908,575,-256,600,-21,-805,-965,-984,-957,-24,-945,-650,-609,455,59,-488,593,713,-89,-850,662,-198,-48,513,788,884,150,625,741,165,571,-885,198,381,-160,312,637,505,-211,85,369,-536,821,915,991,-560,-17,-417,-362,-609,942,463,-202,750,950,-957,710,519,334,-617,174,-38,773,235,458,-627,-526,-583,-555,-753,-431,332,104,-38,389,-411,185,-299,-386,-257,606,-936,303,-150,569,835,123,787,237,-999,-903,337,-910,631,504,495,932,630,-740,743,659,830,-717,438,-264,415,-162,285,-688,388,658,112,-808,357,-832,477,-607,-278,-255,-878,-431,35,-714,373,8,516,-411,-431,554,-149,599,135,498,26,-254,252,-244,-217,-780,395,-822,-90,994,-487,-874,449,-708,-796,302,-591,77,-543,-260,-935,-529,284,-256,-250,-255,886,747,-263,-535,854,-890,553,336,73,435,555,123,178,-838,327,-755,-378,-226,582,52,-516,-145,-20,-228,317,960,-592,-797,-686,-244,-617,-296,-161,-610,544,737,-164,527,-700,560,426,228,-717,370,779,-4,-258,213,296,-356,-384,-443,-8,-302,129,280,840,978,-726,368,658,-456,-940,99,492,-39,292,776,998,-754,834,643,315,697,508,-591,975,-154,665,-816,976,825,374,819,832,-221,622
output =14591

case =7
input =370,-158,-24,215,190,558,808,35,-766,90,214,340,722,244,-542,-31,859,-692,-324,-278,-977,683,-244,859,96,528,226,-996,727,839,-484,282,642,264,552,703,318,220,317,43,598,910,304,-365,34,204,-810,55,-568,763,174,-655,807,221,-384,-117,-245,579,131,-729,-493,-775,661,-850,-307,924,-705,-791,781,-715,167,-160,677,-380,-975,46,-546,10,371,-486,726,-748,214,746,505,69,867,-570,758,943,-307,108,617,-131,-687,-696,-997,895,668,-757,771,47,-46,165,530,-614,705,920,329,-1000,812,-160,-641,-208,311,852,493,302,945,321,939,292,-812,888,-609,690,541,-786,-472,-187,-173,456,364,-298,104,-363,-110,-7,915,702,717,780,-550,-888,698,-678,-950,-227,906,-976,843,-936,-281,-607,-140,639,-49,720,-104,654,-623,328,591,-574,724,856,200,-941,-288,832,292,311,864,42,-415,506,-114,-677,-325,-103,851,-452,-718,-932,-467,749,-271,613,-48,238,285,-557,343,840,-728,-593,-683,536,979,-762,-129,101,844,178,901,872,-243,-624,-79,743,316,-781,922,207,467,-489,-346,746,893,-457,470,938,682,974,-881,816,370,1,76,-480,17,197,295,-213,597,886,372,94,944,113,432,767,443,27,-456,-749,930,420,-40,-721,405,920,832,12,-434,144,-315,898,378,866,26,-296,-569,-946,931,-795,75,-358,-24,366,918,-229,-471,757,870,-637,-268,-345,379,132,-81,-380,-577,-809,661,-528,-468,-831,-118,914,-124,267,785,711,-123,-23,473,831,900,381,-46,-301,-651,-460,-94,489,571,-201,782,439,495,593,-385,924,-494,240,-1000,-76,-407,-559,72,-657,-173,703,-899,-488,-998,2,-343,227,448,490,-871,-279,-572,-92,806,125,-196,268,854,487,-30,-299,43,-502,456,-888,124,729,-125,-548,-80,-274,987,490,-649,-840,-681,-94,-428,297,-844,-563,-946,-296,-397,-3,-331,562,316,15,492,-232,-363,848,785,67,-275,60,-955,631,662,557,157,790,766,493,-179,-995,-501,162,-884,333,-383,-229,-868,-236,-653,727,977,-770,-396,-998,-777,-483,-478,626,860,838,-124,388,-698,93,-918,873,-531,777,30,112,-797,384,-844,-620,-693,-222,-653,-150,-915,923,413,-966,-791,963,-179,591,161,293,971,-795,-94,-779,578,510,586,604,391,-169,206,-910,-696,325,-333,44,158,956,596,103,378,-90,161,897,-305,-675,855,313,-311,25,407,-173,966,-387,711,-556,-149,-465,-603,140,669,-528,-209,-441,462,389,-172,-538,-606,190,-914,906,-346,773,-845,-140,-354,727,218,-508,-511,614,313,599,123,857,544,-656,-933,-392,-254,-30,-266,725,910,711,-288,78,841,-987,666,125,397,-441,-401,779,-323,828,-780,-112,239,-977,-378,-362,-750,194,-934,846,-96,739,-226,-321,-592,261,57,-786,867,-104,862,689,356,35,-315,486,-486,-317,516,929,-10,-300,-570,-54,-714,156,-930,971,665,-99,-1000,616,394,-698,-799,123,-735,189,779,-133,-224,152,-639,759,68,572,-888,401,58,58,-654,-679,770,578,251,-950,485,-793,-637,572,-841,393,-244,-291,736,-543,683,-325,806,-641,-347,550,-209,-880,521,570,636,288,-194,-897,-121,-118,-157,-317,-145,-375,151,501,-577,-397,104,589,-756,403,402,770,154,-675,344,363,823,-867,362,132,141,-657,420,635,528,31,438,518,-48,288,-85,-236,-396,751,-336,194,-224,714,-734,505,249,-559,-73,948,-830,498,383,24,150,-910,491,-521,109,647,608,-634,-373,919,239,-97,-782,-11,393,240,-550,68,400,879,-310,913,135,-289,-243,-183,941,772,691,-32,887,-924,-170,-959,-133,965,106,509,-69,-629,-693,247,-206,-897,665,-423,-508,597,785,597,-199,-595,-632,-56,761,427,497,375,-80,-120,-875,-630,850,-215,-376,-326,-926,97,588,470,-982,-857,542,-158,-816,-587,820,895,-619,330,272,506,-52,-831,584,-749,325,984,-811,-977,-207,-427,-27,-909,-88,302,56,-540,-194,828,309,2,-215,-3,-736,-380,615,-156,-236,567,-525,711,731,937,-686,549,125,802,-210,697,725,782,-790,-411,919,-531,777,-154,481,-823,54,-860,78,-791,-715,732,-988,404,-272,-896,830,-976,-960,-982,779,780,276,550,-87,-780,607,762,461,339,-153,768,513,-915,888,420,449,-731,276,-333,-868,-643,141,-835,-843,-825,359,-564,951,448,138,-249,-632,-225,721,360,-128,-198,-537,79,-505,867,-200,-501,-669,-959,567,-747,509,-641,41,-14,903,-921,245,475,194,-585,-257,705,123,-57,-165,467,463,948,103,382,-382,8,-932,-168,399,-835,-197,-939,636,1000,413,-557,-325,-820,948,-277,790,503,466,-233,325,-271,402,334,-543,-82,-283,593,-959,-213,669,-169,-296,-713,-130,998,-671,-558,-350,414,632,-400,449,930,-556,-588,-403,-303,136,-864,947,-555,-954,-823,795,171,771,44,-411,-281,872,859,-187,109,713,-562,337,620,-527,-565,515,238,-17,966,-641,946,781,630,-539,558,-204,102,-24,205,594,873,416,-59,-60,-26,939,886,-638,53,-104,-999,-786,183,383,-85,9,654,34,-273,-38,793,-87,18,-537,-651,-762,-456,239,-947,-224,-2,-208,299,-287,611,860,-65,-263,-202,-332,616,-639,985,-517,-956,-177,-989,18,397,-600,-950,37,-69,-533,761,-619,216,678,695,-693,-445,-134,-325,-388,-890,-111,-433,276,819,514,-7,818,556,-550,467,862,-253,-11,-881,-364,738,-504,-952,468,-680,-278,-246,746,-358,-595,732,-109,-142,322,-117,-112,-397,-332,-209,255,-282,-444,794,-800,-548,745,474,-308,986,-130,342,-824,255,-383,-806,36,-299,823,-567,272,-860,958,477,-197,-178,851,253,460,-770,79,483,-839,-775,-465,355,-879,-557,-844,660,272,-445,459,470,-555,573,-466,983,302,395,-494,430,-731,-755,-815,712,-861,-124,-408,800,25,285,-488,-246,319,322,-488,-384,328,846,-589,-616,-643,-764,127,-983,217,-330,-632,830,-380,-709,776,120,844,308,915,-91,29,241,-140,-404,858,-350,669,-557,-911,-32,873,-838,37,-921,-467,-329,-926,-134,335,-494,-695,834,-43,-932,414,-438,18,891,650,-330,568,181,-887,970,-347,309,319,-752,169,730,265,-181,901,-65,-142,-506,502,-752,-803,161,532,63,-565,-779,-405,670,803,490,430,464,943,795,564,558,568,524,-371,136,-481,-280,84,-932,-34,399,-304,179,339,889,114,216,499,313,147,296,-563,-366,-187,388,-496,369,-181,585,-677,-820,-587,-552,-204,679,-672,129,458,-139,266,82,-661,460,829,-385,999,486,-426,973,-51,-755,-126,272,-531,266,-1,-305,-773,-427,-607,-849,-939,-301,-402,714,37,-468,497,-848,-632,653,975,80,537,-368,-600,870,-445,-972,-355,851,-716,292,167,821,-690,525,-878,787,-306,953,270,146,-873,-15,-76,-949,121,358,-370,-495,-122,-659,841,-700,890,56,-898,181,236,-849,152,-15,-629,361,321,668,292,-226,-43,-377,439,-971,-883,-60,6,832,-897,983,307,526,310,-331,408,-695,-590,-371,245,956,164,-518,770,-814,580,501,-987,-413,-780,233,-98,-932,276,-977,556,613,-920,-386,-782,937,-464,759,552,696,-941,74,-226,15,-125,219,-25,50,-360,-280,756,357,16,632,831,115,-43,-692,294,358,761,-72,848,717,-37,751,280,585,-173,607,359,523,-685,997,-785,-374,-41,713,167,862,882,285,971,-275,-259,235,350,688,518,585,-331,370,-135,691,607,-556,294,-370,-867,935,668,-633,286,49,-894,-756,-163,373,125,829,-504,828,-826,-93,-11,-308,385,-421,865,-94,437,-380,646,-352,-224,-786,-673,-288,420,785,-653,-891,-84,412,474,151,274,809,320,-482,987,653,767,762,-358,-640,555,273,-256,524,737,-355,-789,-124,727,-715,133,-653,-977,329,393,-263
output =31906

case =8
input =-805,-628,871,-845,500,-548,905,409,946,-704,457,759,-981,352,73,-785,-943,-632,370,-78,36,-117,165,-426,-3,557,-690,-31,256,832,575,273,310,660,461,449,-881,-260,-255,-242,-341,974,-892,788,53,-109,169,-147,252,856,260,-798,-316,-271,-810,-570,892,698,74,-287,-577,824,-985,192,-182,-565,-468,-248,-638,-226,331,508,-226,-296,570,-447,342,-886,-571,90,-145,684,-764,-367,-54,700,905,238,887,-715,-780,613,677,-13,-437,-364,904,800,237,449,-778,-110,488,347,973,-482,592,743,433,751,-652,-190,-11,720,-208,-407,452,929,783,778,377,-961,-543,-737,-585,590,844,684,180,918,-62,815,886,-710,197,556,-563,884,-759,404,-329,857,362,648,457,-299,-794,169,678,-891,781,-279,-555,-479,-334,898,107,800,224,837,-146,-931,782,316,-148,-902,-626,-220,-823,-366,-470,-347,175,781,390,-244,54,394,-302,-579,862,-73,-163,131,-292,-921,-192,638,438,-548,640,-100,981,-536,199,-626,300,997,748,-317,-590,406,-408,71,-901,506,577,648,-223,-213,-821,-820,-957,7,-959,843,719,-992,657,-927,-946,695,273,232,-140,347,-74,528,20,384,-886,-914,-413,-438,198,-407,-169,602,749,976,-627,416,-866,167,-200,993,966,10,-873,415,-6,547,-633,-662,-147,500,-765,899,-115,145,-795,-227,416,390,-792,477,-331,-948,18,-701,-922,-737,-784,-755,488,-729,216,-419,-51,64,310,942,-568,-221,82,493,-422,438,-81,228,-970,-757,116,414,-153,645,812,916,187,-81,-721,502,933,698,-546,-190,-795,150,69,-189,879,18,-722,-646,543,-134,531,-462,820,-662,410,-951,413,178,227,36,-769,936,-972,131,-928,-63,-849,523,147,-224,914,234,-126,993,77,-852,601,309,183,674,727,-359,107,268,894,-506,64,248,-467,-771,-53,-997,-401,-839,791,531,-713,-584,-463,223,-439,-846,-72,58,601,492,338,-747,-704,-754,-391,-315,195,-825,892,510,323,-267,254,-383,-261,860,26,-435,6,14,-725,-345,-688,-462,900,304,651,-468,330,-547,-389,126,-304,-368,488,145,340,628,902,1,364,753,856,-919,-203,-128,-940,968,16,-646,474,268,-766,-124,-106,894,941,262,-613,140,499,-191,-82,-885,888,675,-834,669,333,-534,689,959,40,721,-572,510,911,-796,791,-255,265,-951,121,124,-441,290,-774,-902,-444,31,-655,-335,-698,-731,312,759,169,111,-741,235,912,130,-627,-700,-939,373,685,-645,-389,-144,-908,71,-960,851,354,-188,-406,175,51,980,-953,234,341,-37,861,-16,549,-222,-511,88,-457,-964,690,-241,541,-258,987,823,821,720,568,-719,722,-834,-546,-612,967,72,-600,726,379,215,562,64,636,125,52,-493,-85,122,619,483,-743,-580,604,-108,822,-169,-232,-246,-649,-840,-454,267,-644,317,908,468,54,920,-831,640,-657,444,962,-25,474,-906,696,695,937,647,-44,681,441,-320,-993,541,-675,-914,819,-355,-661,-993,-831,-938,137,475,-912,445,-631,587,350,953,-807,65,879,-45,942,-936,869,543,268,-660,533,886,144,-649,-933,373,0,449,285,260,-337,64,414,-398,930,-964,684,312,242,-541,522,278,558,778,452,251,932,354,560,-279,-138,-744,-963,271,-340,-260,282,-456,-247,-873,-618,609,-101,393,743,-971,378,697,-174,-714,-797,283,294,-314,-612,56,359,770,138,-970,619,-748,-538,-369,191,-247,-73,312,389,814,-313,-207,30,832,-448,105,-87,0,271,555,938,581,902,67,957,46,-205,687,-391,-936,622,668,712,506,-208,-88,-720,703,-588,751,-82,-999,559,349,913,440,504,117,917,-771,-941,859,3,401,983,-965,-110,-201,-775,-724,209,-256,-565,-151,4,-860,-430,255,385,-859,-248,-857,-7,-923,-985,-127,361,-767,917,-155,88,-718,-294,86,-574,592,430,683,-736,-617,-582,267,-927,-340,562,-17,157,-57,691,-674,963,123,194,-284,653,787,454,458,938,602,337,715,67,-183,-507,-758,776,-672,-903,422,990,-66,-628,-335,236,554,-539,156,861,655,865,487,519,-580,876,-593,-559,-815,-890,-237,204,-196,-352,964,778,-387,-111,-819,246,-356,-360,590,-553,578,-52,-471,-582,695,-631,313,566,-12,310,277,-48,-788,-961,-759,239,73,649,-813,674,-68,-974,235,-558,-304,931,-27,340,-822,-935,681,66,275,188,-539,-226,-913,642,888,986,-549,148,717,-803,-553,329,-998,-358,801,306,-377,-538,976,-429,-576,208,-367,816,-49,-999,-299,248,-876,-85,194,714,359,48,-589,449,444,884,559,-515,960,220,813,700,-249,-637,677,-857,-214,-813,600,-595,-155,657,-306,899,-671,831,511,274,-509,808,897,549,910,470,568,-596,10,979,-227,-564,241,-926,852,773,-202,179,-264,-529,-721,538,-844,984,489,-375,-11,866,-662,-11,-711,-928,-919,-755,-720,-390,-166,444,-155,-771,-292,-550,523,-736,503,659,314,-823,-240,252,522,268,712,0,970,-541,35,815,371,288,351,-935,-763,912,-819,-134,-677,701,250,213,-749,-331,-493,489,-77,-493,-587,557,649,704,678,-990,337,-430,139,430,25,155,816,848,390,-723,-88,-738,640,-385,-419,-977,-964,-118,198,619,-981,374,-507,-890,316,398,801,586,-975,-539,659,-643,12,-42,201,-157,13,579,-356,47,-531,-353,674,55,-255,-378,-149,-851,-544,7,-831,120,29,-410,-91,657,-13,905,716,704,-472,-492,-994,917,973,385,-193,599,-661,57,591,-529,-725,-938,-301,137,997,-525,276,-558,-590,-552,-106,404,-191,-796,-281,811,660,-878,168,-651,-723,903,-174,470,-738,-546,93,219,752,767,749,-151,-18,-464,489,456,-787,655,-528,358,-414,913,846,-532,644,-546,-167,-397,186,-42,474,280,-529,490,142,-542,48,-985,-193,962,-365,696,367,-345,-612,-147,-218,517,-589,999,-298,118,202,-739,-898,-837,-321,409,303,-695,-539,793,229,170,545,-453,-831,967,615,-393,-750,822,388,1,118,344,124,-320,806,-44,-342,783,900,370,45,162,-723,-239,506,-859,429,70,3,587,25,-667,-461,668,-810,-698,280,959,-187,-279,737,617,196,-674,582,-812,75,-97,849,420,-937,-619,-191,331,544,36,-78,-252,-475,606,171,172,-914,835,-582,826,-801,449,-310,229,987,-70,-52,576,-805,-164,964,-408,999,-962,-580,761,-497,-564,-721,20,-853,712,873,-775,778,-782,-420,234,-856,-160,835,729,-945,-527,893,-119,-746,-429,-231,121,33,505,293,-296,344,-92,237,-17,-873,-847,-968,-352,-582,-867,-786,537,-771,-93,301,667,-223,-797,243,-143,-656,-633,-660,-573,-65,802,-494,216,-184,-636,866,342,371,-534,-766,693,-103,-314,91,-325,185,97,661,-443,208,-580,-413,-676,-589,41,-466,-549,637,964,0,489,498,573,-830,174,-481,-497,-710,-708,-117,684,345,592,-145,-486,606,892,-693,-602,-464,-771,-803,652,193,-10,-337,887,910,389,885,149,-933,716,-306,867,854,-204,351,-539,-395,859,806,-378,-324,-779,722,243,-69,-912,974,282,729,632,456,-800,-77,-827,-747,-596,621,-241,-217,506,692,-634,839,680,14,844,666,286,-582,-393,524,-789,398,557,743,-204,692,464,-844,-221,-649,845,47,321,-981,752,946,-788,443,182,-382,432,-483,-933,606,32,-331,-70,-534,-669,938,-227,-336,741,414,68,467,215,722,366,270,-207,406,75,43,-123,935,843,9,-298,-60,-936,107,-406,-775,569,-59,-953,-972,-406,199,434,-380,680,-467,4,124,-379,-545,910,174,-248,-722,-630,-76,-499,-88,-204,319,-790,82,778,786,295,-117,122,690,-918,216,-426,-416,-570,801,887,515,627,91,423,-892,-407,-418,670,-113,110,418,500,858,711,-466,-666,-611,498,-278,196,895,238,215,-943,-141,-111,-499,959,-530,-232,776,782,558,-804,55,-247,937,-906,16,452,842,-475,-536,692,-507,10,466,-64,315,368,865,-259,-681,49,-819,202,-523,-778,-533,339,952,22,-610,400,736,254,-710,-228,-786,305,-967,719,85,-210,606,499,-837,-185,-674,895,692,-120,-826,470,756,861,-191,157,238,692,900,918,737,581,-643,591,898,-121,-481,465,-671,908,-550,72,858,648,-413,776,-108,344,-336,-365,292,-274,830,-279,-440,-789,570,-527,-435,425,-211,-718,574,-362,186,-278,-173,-993,-773,826,614,-161,-215,-175,-874,-812,-689,344,763,422,694,450,550,540,-806,-806,-490,-67,-843,-260,548,-445,464,118,-595,-980,-132,-993,-960,936,530,665,754,-976,237,283,-512,-722,-295,420,-990,260,834,945,-999,206,-378,392,-952,-256,729,238,712,-582,788,-981,-622,-117,-274,404,-221,-814,241,-49,-108,-127,879,-685,-100,-15,768,358,510,-799,419,-722,366,-765,557,-196,807,-889,123,-758,-530,552,-730,-948,-21,-77,-68,792,586,-985,-957,-260,-598,597,-156,-40,-720,-169,-981,785,-526,-701,196,440,-718,5,-267,-19,-648,897,-333,-670,-533,209,880,798,-883,532,556,-563,987,410,662,566,-791,885,81,-56,284,231,-261,34,939,235,392,-626,-77,-616,904,-811,540,-583,864,793,806,-277,-27,237,246,-213,-430,-845,281,999,771,508,526,-616,-158,-720,125,574,890,-576,445,427,134,-646,68,302,-453,259,-999,899,-731,-600,-516,-806,713,-927,-422,-494,-488,183,781,685,-241,-797,167,969,-46,494,-881,900,-343,-218,-637,324,-110,-821,690,-691,153,362,-591,-193,-603,-232,-792,528,-226,-691,487,-333,-176,-984,263,-44,-861,617,225,385,20,522,-978,877,304,997,-597,-341,929,-760,-219,244,991,967,-191,66,-213,425,-965,-579,-565,468,88,-998,725,-82,-915,-736,784,447,-38,-253,135,-341,278,126,-358,-115,407,-734,816,-878,-223,-816,-503,177,-866,134,-408,57,35,-709,120,951,-366,791,-465,-629,620,-920,373,-869,-112,-687,-319,375,-905,706,739,-644,976,-372,864,54,297,-266,-857,-114,-546,545,890,394,160,670,488,-948,217,345,-295,71,-107,-440,-490,719,-339,621,135,-513,-384,-97,-364,-785,65,518,-986,825,-108,275,-863,37,-365,615,-771,543,491,-849,648,-169,335,807,-221,438,-22,777,-36,672,-658,177,763,816,-6,700,41,-347,287,399,354,-668,-192,-214,-882,-479,829,-722,482,-855,-53,-723,-819,304,-400,144,-426,925,-453,-927,-477,-520,-458,-203,-736,-582,-769,-562,-852,385,671,414,-873
output =21016



*/
import java.util.*;
class Solution {
    public long maximumSumScore(int[] nums) {
        long res = Long.MIN_VALUE;
        int left = 0;
        int right = nums.length - 1;
        long ls = 0;
        long rs = 0;
        
        while(left < nums.length){
            ls += nums[left++];
            rs += nums[right--];
            
            long max = Math.max(ls, rs);
            res = Math.max(res, max);
        }
        
        return res;
    }
    
    public static void main(String args[]){
        Scanner sc=new Scanner(System.in);
        String sarr[]=sc.nextLine().split(",");
        int arr[]=new int[sarr.length];
        for(int i=0;i<sarr.length;i++){
            arr[i]=Integer.parseInt(sarr[i]);
        }
        System.out.println(new Solution().maximumSumScore(arr));
    }
}