/*
Problem Statement:
-----------------
You are given a bunch of sticks with diffrent lengths.
All the even length sticks should be arranged to appear first in the bunch and 
all the odd length sticks should be arranged to appear first in the bunch.

Print the length of the sticks, after arranging them according to above conditions. 

NOTE: The arrangement of sticks should be in order.

Input Format:
-------------
Line-1: An integer N, number of sticks in the bunch
Line-2: N comma separated integers, lengths of the sticks.

Output Format:
--------------
Print the list of length of the sticks after arrangements accordingly.


Sample Input:
-------------
4
1,4,3,2

Sample Output:
--------------
[4,2,1,3]


Sample Input-2:
---------------
10
4,8,5,4,9,8,9,9,1,8

Sample Output-2:
----------------
[4,8,4,8,8,5,9,9,9,1]


Test Cases:
----------
case =1
input =4
1,4,3,2
output =[4,2,1,3]

case =2
input =20
20,19,10,2,20,15,16,2,9,3,17,13,6,2,2,10,17,19,10,8
output =[20,10,2,20,16,2,6,2,2,10,10,8,19,15,9,3,17,13,17,19]

case =3
input =20
3,4,14,15,4,2,20,17,7,17,1,2,10,16,18,3,16,9,15,7
output =[4,14,4,2,20,2,10,16,18,16,3,15,17,7,17,1,3,9,15,7]

case =4
input =30
2,7,67,35,96,37,9,5,79,52,50,35,2,47,40,48,69,92,35,9,14,11,68,42,42,85,59,50,49,64
output =[2,96,52,50,2,40,48,92,14,68,42,42,50,64,7,67,35,37,9,5,79,35,47,69,35,9,11,85,59,49]

case =5
input =30
71,97,27,75,43,52,79,12,82,39,16,10,50,77,16,36,39,55,82,9,14,85,17,45,44,10,87,11,84,51
output =[52,12,82,16,10,50,16,36,82,14,44,10,84,71,97,27,75,43,79,39,77,39,55,9,85,17,45,87,11,51]

case =6
input =50
954,249,203,150,263,29,965,119,374,247,164,576,110,96,342,774,464,863,923,452,46,808,831,970,65,355,981,818,652,128,536,643,111,943,648,475,183,315,696,202,668,82,258,115,238,295,912,491,821,90
output =[954,150,374,164,576,110,96,342,774,464,452,46,808,970,818,652,128,536,648,696,202,668,82,258,238,912,90,249,203,263,29,965,119,247,863,923,831,65,355,981,643,111,943,475,183,315,115,295,491,821]

case =7
input =50
184,880,948,327,704,510,72,241,161,798,250,844,674,171,552,553,278,48,399,175,804,26,855,907,980,99,309,338,49,707,248,770,733,497,494,234,842,505,280,118,432,575,656,638,247,27,902,555,307,455
output =[184,880,948,704,510,72,798,250,844,674,552,278,48,804,26,980,338,248,770,494,234,842,280,118,432,656,638,902,327,241,161,171,553,399,175,855,907,99,309,49,707,733,497,505,575,247,27,555,307,455]

case =8
input =100
499,281,867,204,614,359,306,633,387,241,611,276,796,729,874,532,789,664,559,962,537,149,228,691,119,72,880,922,844,460,769,462,346,194,415,773,743,99,459,275,923,57,15,745,214,314,523,67,814,499,667,70,54,394,714,408,960,895,282,624,795,810,678,880,502,564,602,288,399,928,308,304,651,502,578,565,68,195,330,952,411,761,52,799,38,536,777,995,185,574,788,977,367,167,816,843,382,751,608,472
output =[204,614,306,276,796,874,532,664,962,228,72,880,922,844,460,462,346,194,214,314,814,70,54,394,714,408,960,282,624,810,678,880,502,564,602,288,928,308,304,502,578,68,330,952,52,38,536,574,788,816,382,608,472,499,281,867,359,633,387,241,611,729,789,559,537,149,691,119,769,415,773,743,99,459,275,923,57,15,745,523,67,499,667,895,795,399,651,565,195,411,761,799,777,995,185,977,367,167,843,751]


*/

Solution:
--------
import java.util.*;
import java.util.stream.*;

class Solution{
    public static void main(String args[]){
        Scanner sc = new Scanner(System.in);
        int n = sc.nextInt();
        sc.nextLine();
        String ans = Arrays.stream(sc.nextLine().split(","))
                    .map(x -> Integer.parseInt(x))
                    .sorted((x,y)->{
                        if(x%2 == y%2){
                            return 0;
                        }
                        if(x%2==0){
                            return -1;
                        }
                        return 1;
                    })
                    .collect(Collectors.toList())
                    .toString();
                    
        System.out.println(ans);
    }
}