/*
Mr.Bean is given a list of N integers as List[], consists of only positive 
integers from 0 to 10^9. 

Mr.Bean has generated all the contiguous sub lists of List[]. On each sublist, 
He perforemd Bitwise OR operation on all the integers in the sublist and stored 
the final answer of that in the list answers[].

Your task is to help Mr.Bean to return the number of unique values in answers[]. 

Input Format:
-------------
Line-1: An integer N
Line-2: N space sepaarted integers, List[].

Output Format:
--------------
Print an integer result.


Sample Input-1:
---------------
3
2 3 2

Sample Output-1:
----------------
2

Explanation: 
------------
Sublists are [2],[3],[2],[2,3],[3,2],[2,3,2] 
and answers[] after performing bitwise OR: [2,3,2,3,3,3]
The number of unique values in answers[] are 2.


Sample Input-2:
---------------
4
2 3 2 1

Sample Output-2:
----------------
3

Explanation: 
------------
Sublists are [2],[3],[2],[1],[2,3],[3,2],[2,1],[2,3,2],[3,2,1],[2,3,2,1] 
and answers[] after performing bitwise OR: [2,3,2,1,3,3,3,3,3,3]
The number of unique values in answers[] are 3.


==== testcases ====
case =1
input =10
748797 500715 382825 609935 692693 46909 946607 351285 642619 204309
output =26

case =2
input =50
307985 283799 996004 852626 589597 793895 650232 801594 755798 724891 280424 733894 132352 742206 588111 463445 810033 247591 164428 759601 218619 710938 642213 814573 585767 135669 288961 592921 399777 459527 198396 279669 246843 123204 449203 878164 243601 489223 679112 605740 530522 398509 966140 717726 949409 317886 225394 626366 779263 545942
output =149

case =3
input =75
611992 179114 194803 910638 798194 171475 565061 707075 724747 567115 145138 161489 283372 820827 717287 844148 268934 107771 991023 272846 610641 327093 272410 814855 202430 211586 12742 213501 945943 108983 362380 478015 703805 244238 481728 751380 14145 217648 280053 800017 966949 314450 779675 539170 264396 876634 839437 850473 945893 405690 39473 363024 902091 593646 432759 786308 595272 638409 24699 38949 642895 951062 667491 153672 527972 324806 34060 154995 799678 290915 633756 791200 807535 906971 550162
output =217

case =4
input =100
625307 283375 217559 916596 804558 325745 754412 16868 52095 252710 15000 685566 516054 621277 32014 890840 323551 342211 619223 252158 961060 826593 739890 704023 369251 462231 631413 950275 154874 160914 278490 83007 109024 307706 908873 250734 266750 297640 421824 544165 368886 363700 300989 182621 967289 334460 153625 777883 253374 879369 711852 257232 350843 45219 58248 683742 203053 170975 849098 437955 376876 650490 239777 858690 686149 958794 381255 832145 718241 192563 507634 950409 314446 914464 222733 189573 495318 26077 773047 914019 95283 783094 811485 867423 764446 437528 97539 213379 661323 649139 618302 562585 16631 518287 958367 16302 748074 278190 240922 970854
output =273

case =5
input =200
47094 883400 204492 61827 271419 557282 468362 241101 568115 809136 715659 644845 612416 798201 709374 973383 949736 461977 17153 55640 894297 792119 35022 114606 726595 633905 251978 265232 727298 355485 546960 408593 775282 153201 818042 82905 256946 636131 710110 994757 440253 467921 516748 573730 394174 253075 372260 494549 432615 635311 840535 133731 18224 467536 345877 932174 999360 73256 384042 839496 215032 194932 456216 749684 526964 725639 655655 303218 106850 222568 788848 557682 865502 251994 171440 976880 324205 845513 977410 856089 345007 415812 119872 726804 800920 26656 814900 763137 254064 54072 490405 98479 989304 947424 478975 169416 920931 567457 731061 728942 333178 494917 1797 678968 50631 757775 861426 535052 986085 901596 166904 145387 904510 241015 471604 557051 402421 273235 978168 521899 572815 194334 758959 805527 765374 338234 610507 258153 796915 453367 94194 125487 684418 546269 248161 953235 738130 28337 602182 314044 327487 834583 793865 642403 794671 320741 406336 1803 709750 759510 523791 655359 530954 857184 85474 363125 3015 993834 753295 332564 142774 410715 555804 394175 101532 40495 296213 373356 475224 84462 471996 587982 372984 243992 468078 547086 960385 903782 408277 45562 30393 144073 928755 137282 75750 262531 88719 549418 180647 624527 832460 935374 178083 193488 140310 829100 603880 700740 220859 483991
output =571

case =6
input =250
797181 178946 963244 651908 265460 324511 603592 400725 316604 2830 288326 245175 777901 246315 453714 326251 62178 665709 742560 15209 913113 14504 212593 883631 844834 901070 31057 214984 248677 496682 671213 834358 189949 189931 762463 13007 515196 543119 164864 118517 514892 840014 929669 50102 556243 378900 60471 119366 165834 622830 952030 625677 780989 390806 136188 658533 381656 843463 202842 622636 212678 151404 510911 32768 582113 248535 91189 911666 744419 554432 490728 210530 364814 161947 342201 114571 668476 72283 933999 75197 314191 423456 225224 955865 842418 251299 505508 828762 138252 455812 497896 540341 46868 377225 801625 657549 332189 879989 956673 840633 355410 852558 4552 976868 442093 171415 292863 159238 443750 306513 835422 383472 750905 939961 683327 681767 170035 404780 839098 579927 363328 849796 230396 400748 70261 357985 252771 938609 287640 815626 836174 878891 931974 618485 711952 672062 930039 148202 55741 159929 108752 930644 208746 150604 415247 495279 285778 595188 905572 736201 221282 861105 336027 802155 694333 170465 614950 341862 882589 67232 806767 642990 334180 83085 330301 264925 839995 133651 698299 191011 532828 801361 83705 884997 433620 643892 372759 966928 772676 788655 77170 973036 397213 988296 267112 555623 136463 463652 658352 652165 117097 245896 743402 148779 953723 229492 103470 984680 668891 828861 600117 41425 130490 190383 533367 681569 783724 842895 627593 520295 143780 773377 991747 557146 522642 978714 220565 961129 219420 972854 279467 517572 332505 919263 538690 130221 312799 453662 546740 144134 360132 959129 8531 974695 603346 84891 746940 418951 147592 9137 732782 224042 474534 927471 855997 322029 610175 743034 343861 666532
output =686

case =7
input =500
586569 670544 862036 38822 265214 908692 485096 519316 572146 583648 699655 351597 903620 473489 559811 90812 522577 792536 270291 36136 69036 147100 993573 895509 487032 100136 600862 938737 836603 169000 67002 1717 400973 727562 433102 287740 27851 466679 605492 530438 170107 207207 883290 948742 346222 241698 12926 536211 300174 730547 551026 825922 376974 351172 350765 583672 792831 821426 738461 3636 351801 13596 47928 991900 524024 126361 53613 310465 13219 730430 333635 469118 348203 281167 60508 327340 372193 471850 842128 185361 462507 578620 253458 716860 380264 700626 271407 388372 23729 590681 912479 552816 388334 503161 200638 426368 107772 572361 662178 122769 528089 71180 768814 619260 895914 177028 250927 693036 74435 690868 143180 575099 245847 81473 384169 311619 351207 426161 675783 734694 647909 569465 854062 556996 693883 839811 95000 712051 842073 940763 44831 928440 620197 650662 831122 691264 475978 767941 468894 984194 337546 492685 397453 675960 976093 326482 485403 893850 354069 65099 989474 934329 590528 530910 788912 405600 837100 41540 100259 264917 846659 722587 297745 341313 400419 370424 16495 603555 627817 831217 205503 691727 360264 217421 150012 723328 87675 900967 258377 98023 634257 801784 866095 303687 949250 401032 614344 473642 826688 283409 508406 366388 596418 967783 883601 610090 212912 666497 408483 245855 641120 277673 418235 891210 909801 538432 432779 386329 773147 235948 106334 250829 359427 900893 760634 973850 86463 955608 769066 651057 326193 989399 720210 879306 670359 736036 980628 923844 959266 563581 656390 366685 651065 763827 879490 163680 838045 583717 973728 744490 608287 63004 871549 351424 244012 376971 872830 849147 423573 437313 354843 633384 765510 596637 51457 301219 66738 811395 425968 628240 212835 871821 83766 902589 594316 618916 152582 857238 938870 346883 748415 13494 82626 182473 150588 622673 231830 599036 990328 32126 186696 280883 246990 887682 880022 75940 703207 186858 202408 941195 283197 243754 326195 585877 277081 935228 731281 987775 565399 946048 190187 903571 215628 109025 442486 394398 208438 562594 291618 10585 887551 585295 541991 192566 146901 361798 820228 565499 894001 937453 286282 712525 325109 943339 46766 12065 761112 123491 76207 356906 433876 79735 663261 766459 625378 44021 28798 590575 948589 697135 365934 506485 307073 555103 936642 581708 448767 1159 986670 475049 443555 380148 857474 894397 376857 968310 529077 163344 688256 37953 801297 731867 243827 705662 534636 809443 745005 355363 638066 732612 467976 431742 471101 151881 931301 294229 633269 630978 173214 667786 332624 475975 965688 373853 519237 869188 479061 247073 403461 289854 70009 535462 765628 262645 534681 879954 228718 660727 246109 664362 615083 316300 202651 402974 525981 219570 680965 61017 928326 908572 77803 204687 144087 969317 862523 697040 639757 212041 751078 155553 240275 432301 932239 224137 961067 157228 85327 959333 623674 477187 846790 542816 36948 554625 995472 559809 344925 362271 895107 548914 971025 59427 95003 661371 177493 180917 963554 442796 286018 398622 648111 671350 830356 170231 764687 713513 558770 740858 205307 486222 413118 268635 732604 211037 124050 777050 592108 971035 926826 973758 377728 270437 659088 768749 488721 761244 859760 788251 639479 305657 26747 502438 859295 569571 66254 488292 301437 217528 241501 669251 753524 350247 772338 543369 969925 537790 387987 664235 666581 133948
output =1375

case =8
input =1000
968230 669571 508081 146457 786530 127826 716756 53826 907416 116882 285497 344179 702083 152375 575079 261796 134736 294206 583108 68957 838469 961180 117624 721815 524312 578079 588099 166552 978089 700377 658310 331754 226860 804693 58986 187147 236325 25864 422153 816794 300153 417005 90654 258583 311784 952364 699514 814066 204680 694422 413358 443829 93736 83575 917183 26389 6943 878735 455551 432145 174613 863294 1380 972920 294492 743777 642338 253177 312406 456513 288811 14782 720948 918607 388164 302648 137004 958788 32645 913279 459420 177887 681579 537980 892842 602062 603499 501767 853550 463941 18599 46086 452231 311869 87078 535455 620259 735722 441217 123358 914596 678820 778954 199421 89474 425744 888380 965542 86843 371039 409447 935520 651956 350690 425887 506125 476628 278944 693779 926063 31911 219244 940167 854327 213180 992456 83528 187595 689464 7408 219618 945534 727116 81858 259985 761743 259954 775981 143648 881060 957690 347226 203267 8966 896662 455608 672218 263578 699646 602111 787633 782481 947765 885418 694561 986218 264596 878875 995598 197408 725479 180345 124727 390425 351554 396837 421031 899728 481465 677641 944995 354121 753032 963317 767554 885338 404408 193850 716297 336165 805305 946419 362010 650389 680082 640869 351996 736406 24796 476539 304103 155765 674578 969768 14382 724466 738896 985779 210547 866518 794816 687366 801119 801981 971225 443694 169656 14308 429506 693223 516274 292178 30751 106272 379176 532782 509 896655 78930 371420 131022 920844 463138 177930 74342 454097 263512 26265 201514 19418 878124 369460 346933 891506 406857 972059 209671 13706 272095 162342 510635 512181 196792 418007 775425 774402 758137 98666 659398 416184 558741 702370 265619 950457 743221 45746 939584 398866 983856 122845 576794 815591 484544 586764 50161 973388 899311 493992 44948 370894 970891 378757 374433 480209 350175 616406 149102 246698 486679 862880 564886 785832 30457 362744 346571 594736 557365 871039 361796 829450 231674 358174 535104 21617 710286 569760 384367 759230 659344 225694 558427 407182 516788 247635 336167 152743 625324 654626 524121 948942 837519 220701 998344 753689 249345 678852 275239 697519 807638 980832 643097 165088 492164 159867 233548 69946 597167 190538 88982 866649 976227 118789 895798 873209 567635 801932 162351 204137 131004 1843 40772 9564 411009 226174 263372 629104 757597 315896 360771 868034 558567 938498 278352 83846 95126 466242 861336 173551 192348 661250 83865 815062 492835 119256 404744 402645 153967 303396 380972 649787 456182 863756 699305 586997 129228 869073 296322 274834 436072 10595 580798 165327 765261 695187 514469 410343 145271 813234 76785 199683 947702 570762 512068 955108 22751 825424 943342 690868 818044 204458 557717 330981 747416 200663 10630 847753 279688 679344 860601 857494 156264 153534 278208 319604 810870 300254 653794 698530 214911 21499 121943 695535 424028 743388 660015 572247 107329 388150 810776 7437 986570 55533 70382 434674 218718 864995 839758 222490 184506 346821 291420 126375 889850 136172 884407 325086 594355 917133 629127 59646 236163 2666 818138 301328 843682 352189 305380 126348 83811 578591 23326 792714 347681 228881 762867 861130 758659 242800 940279 105171 845121 460162 994249 166327 78596 863759 89648 405067 274680 847897 521361 848793 129641 369178 586466 642386 771780 183518 788192 496088 995641 998784 360592 764652 978366 543184 88278 535082 296937 786722 552800 774494 549046 813006 824376 303614 499004 458505 241522 635131 519345 980695 154896 356948 320019 43211 402190 824199 906325 908951 467198 520289 641885 232148 316207 124146 165528 87460 560091 640352 868815 80556 20774 216180 889063 277866 560277 373272 514380 354181 561239 282212 212514 725641 262594 675720 845771 148121 994131 448646 301585 278817 392826 178249 630178 539915 918200 99810 141308 33403 981067 592957 291663 103142 610318 797950 884144 499386 650624 540497 880646 709853 298100 683175 216080 693281 920053 236431 835634 180511 957603 829452 436197 273927 800346 889262 885765 439547 362761 354902 15530 102650 234878 279963 332081 577142 756437 308145 365829 144029 243843 647902 793305 794268 153552 57425 674810 551522 390974 117980 534886 19911 931313 925569 506668 973022 107329 509182 536533 569180 153871 7134 483396 881389 638790 392504 282988 403223 665941 185367 383668 209641 143407 670282 160352 924403 981190 845252 176564 59341 900612 527533 595843 946936 126578 962833 904080 424336 723061 482257 457790 45048 276372 149889 10699 641271 791837 396464 603508 465569 39101 97344 182103 300272 524441 70024 559272 646754 109526 973210 823217 259378 196419 478084 216333 452099 631730 799841 106488 317739 29645 612633 906347 302439 932515 232490 133993 686300 888369 706635 823040 651953 687506 601641 886498 705897 84029 145437 840558 392677 129085 992016 576496 432427 778035 173053 88641 517564 219499 592392 818465 157177 22097 440964 772603 396188 221273 837356 660984 416419 940795 467959 293292 70312 801750 278261 445640 522783 587747 42237 103345 6554 28997 617817 776477 731802 118870 958902 371140 731344 841435 153492 498452 890925 235598 790019 921020 170439 855786 305117 87041 311839 720313 932826 703860 362252 641852 999884 19179 439900 571022 270557 210632 653838 225392 231406 108108 178738 790154 514952 146692 658386 886895 452630 464978 558918 800790 984403 375214 882204 922215 912316 282576 586669 622653 172722 931113 369515 666897 587550 239608 288648 2282 28446 580076 500750 709335 674652 619318 373526 991271 371916 831193 103639 818211 910046 468071 544570 584051 514044 956403 30641 762972 720473 651674 933068 13913 817956 88981 675448 847431 985479 585700 411408 339247 931059 207224 210108 309863 853007 952539 316527 310718 508330 786829 712892 562391 590014 375418 32475 426999 646959 238881 310086 363830 187046 321762 19549 58821 134830 838990 4903 65850 321439 982739 621100 329657 767003 467948 750595 882579 854358 840074 497604 440876 844823 529884 795374 711009 521739 551015 655440 389491 739178 984330 776690 163236 330821 699156 94609 951125 328875 33610 495409 3176 114865 936549 703853 938088 788112 219689 278287 2298 152432 145722 759907 525983 504628 397134 22708 547137 582106 876593 716750 138474 652715 732469 575459 275848 538496 229499 298812 519878 700133 694001 5416 897298 107791 308832 576101 601532 111053 526585 632556 121976 700375 639624 529910 850255 282810 167742 386658 374478 922584 730981 486400 640908 465020 829956 733703 740842 231972 820156 781448 161140 528342 148532 106960 741687 438498 135924 125620 183297 293603 43113 834427 639864 310694 398640 869588 850471 914719 635082 955730 694025 795402 910740 994612 648291 867271 631413 759153 780702 816372 142760 729418 25411 389689 875607 316011 419887 269064 116240 559415 293436 152629 461163 54160 303112 503497 673952 283066 451605 754928 321132 866950 999102 405357 793866 350952
output =2496


*/
import java.util.*;

class Subarray {
    public int subarrayBitwiseORs(int[] a) {
        Set<Integer> curr = null, prev = new HashSet<>(), uniqs = new HashSet<>();
        for(int x : a){
            curr = new HashSet<>();
            prev.add(0);
            for(int y : prev){
                curr.add(y | x);
                uniqs.add(y | x);
            }
            prev = curr;
        }
        return uniqs.size();
    }
	
	public static void main(String args[])
	{
		Scanner sc=new Scanner(System.in);
		int n=sc.nextInt();
		int arr[]=new int[n];
		for(int i=0;i<n;i++)
			arr[i]=sc.nextInt();
		System.out.println(new Subarray().subarrayBitwiseORs(arr));
	}
}